7
7
6
8
11
6
8
10
10
8
10
8
8
8
8
6
8
6
6
8
6
7
7
9
3
6
5
6
7
6
5
4
1
0
16379
16379
16375
16369
16366
16359
16357
16350
16347
16346
16343
16340
16339
16344
16348
16350
16354
16362
16373
2
19
37
56
79
101
126
152
177
207
232
253
272
293
309
318
329
328
329
319
315
296
277
253
218
178
132
85
27
16351
16283
16218
16148
16081
16012
15942
15876
15815
15759
15705
15662
15619
15587
15561
15542
15533
15533
15538
15557
15579
15617
15668
15722
15794
15873
15967
16065
16175
16293
29
160
293
426
561
695
818
934
1043
1136
1217
1284
1336
1380
1405
1419
1417
1403
1369
1331
1261
1187
1102
988
871
737
594
433
274
103
16310
16137
15966
15799
15636
15479
15323
15182
15054
14947
14858
14782
14729
14685
14662
14650
14657
14683
14727
14781
14856
14946
15051
15176
15315
15473
15646
15830
16028
16229
47
253
461
670
862
1049
1222
1372
1509
1624
1715
1787
1839
1866
1879
1869
1841
1798
1734
1651
1552
1434
1302
1158
1001
833
655
471
281
91
16289
16103
15925
15758
15597
15447
15311
15188
15078
14989
14919
14869
14838
14818
14815
14826
14854
14894
14949
15017
15102
15195
15303
15423
15553
15693
15840
15990
16148
16306
66
215
359
495
621
738
839
927
999
1061
1103
1127
1142
1141
1127
1108
1070
1026
975
911
838
760
677
586
492
399
302
206
113
23
16317
16236
16158
16089
16028
15968
15922
15878
15847
15820
15802
15799
15796
15806
15821
15839
15864
15890
15925
15963
16005
16051
16095
16143
16189
16235
16286
16328
16370
25
61
98
127
150
171
186
198
207
213
215
217
214
208
202
190
179
166
151
133
121
106
83
72
57
46
34
24
17
8
4
0
16380
16383
16378
16379
16379
16377
16379
16377
16379
16378
16374
16376
16372
16369
16366
16359
16358
16354
16352
16347
16344
16343
16344
16343
16343
16346
16354
16358
16364
16375
6
21
39
57
82
106
135
163
186
212
235
254
279
293
309
320
324
327
326
320
308
292
275
247
215
174
129
80
22
16344
16286
16216
16146
16082
16006
15942
15876
15814
15755
15709
15662
15623
15592
15568
15550
15535
15538
15546
15562
15588
15622
15671
15730
15796
15880
15971
16074
16179
16294
32
161
290
428
566
693
817
938
1041
1138
1218
1285
1335
1378
1404
1415
1412
1400
1370
1329
1264
1187
1096
990
872
740
591
440
276
104
16318
16141
15968
15800
15636
15479
15326
15183
15056
14950
14858
14784
14727
14688
14664
14655
14659
14683
14726
14779
14852
14945
15051
15173
15315
15473
15645
15832
16024
16222
47
251
459
667
862
1050
1220
1369
1507
1626
1718
1790
1840
1867
1878
1870
1844
1803
1734
1653
1554
1438
1305
1163
1003
835
656
470
284
95
16288
16103
15927
15761
15602
15451
15314
15188
15078
14989
14922
14869
14838
14821
14816
14827
14854
14891
14948
15018
15099
15195
15300
15418
15551
15692
15837
15990
16146
16298
63
211
351
493
619
732
833
924
1000
1057
1100
1129
1141
1139
1129
1103
1071
1026
975
914
841
765
678
592
495
406
306
210
115
22
16319
16240
16165
16095
16031
15974
15923
15883
15848
15824
15807
15799
15798
15805
15818
15837
15861
15890
15923
15962
16004
16045
16092
16139
16186
16233
16280
16324
16365
24
57
91
124
146
169
185
198
206
210
215
214
214
208
200
193
178
164
153
140
123
104
90
73
61
49
37
26
19
12
8
6
16380
16383
16381
16378
16378
16380
16374
16381
16375
16375
16372
16374
16369
16366
16360
16361
16358
16351
16350
16344
16339
16342
16338
16342
16342
16347
16349
16354
16359
16373
3
18
39
60
82
105
132
160
185
212
236
260
276
297
308
319
327
329
326
322
311
293
272
247
212
178
131
78
27
16345
16284
16217
16148
16077
16007
15941
15873
15818
15759
15709
15663
15622
15590
15567
15547
15536
15536
15546
15563
15586
15622
15672
15728
15800
15877
15968
16066
16176
16294
35
163
292
431
559
693
821
934
1042
1139
1216
1285
1336
1379
1406
1417
1414
1400
1370
1324
1264
1189
1094
989
870
738
591
437
274
105
16314
16143
15971
15800
15635
15479
15326
15186
15058
14948
14858
14788
14728
14691
14665
14653
14661
14687
14727
14779
14857
14947
15053
15175
15316
15477
15648
15831
16027
16222
48
253
456
664
857
1045
1210
1363
1505
1618
1712
1788
1838
1874
1884
1877
1850
1806
1744
1663
1564
1448
1319
1174
1015
843
673
485
293
104
16300
16109
15933
15766
15603
15451
15310
15187
15072
14981
14907
14863
14844
14829
14831
14841
14868
14906
14957
15017
15101
15199
15301
15421
15549
15683
15829
15977
16137
16291
58
200
346
477
596
713
814
893
964
1020
1073
1125
1162
1172
1155
1124
1085
1044
997
935
861
781
692
602
507
414
318
216
114
22
16321
16242
16165
16084
16011
15939
15910
15894
15883
15848
15827
15800
15789
15793
15803
15824
15843
15873
15901
15939
15976
16024
16066
16115
16161
16205
16256
16301
16345
16383
39
74
108
138
159
182
195
202
194
183
170
189
222
241
231
218
199
182
166
146
131
113
96
81
64
38
31
20
18
0
16365
16353
16377
15
26
25
2
16370
16364
16359
16360
16355
16353
16348
16342
16337
16333
16330
16326
16323
16320
16317
16318
16315
16321
16327
16332
16339
16344
16360
16374
5
23
41
67
92
119
145
158
185
191
218
240
284
317
345
357
357
354
350
338
322
303
276
242
222
200
169
123
60
16379
16306
16227
16155
16083
16009
15942
15874
15811
15754
15702
15653
15616
15587
15558
15542
15531
15530
15539
15554
15580
15618
15665
15724
15797
15876
15967
16069
16177
16294
31
164
292
428
557
680
807
928
1030
1131
1210
1276
1332
1372
1403
1419
1418
1398
1369
1330
1271
1190
1095
990
868
736
593
436
274
107
16320
16144
15976
15808
15646
15488
15337
15198
15070
14961
14870
14796
14741
14702
14675
14668
14673
14698
14738
14793
14863
14956
15058
15181
15318
15476
15644
15827
16020
16219
38
241
439
647
842
1027
1195
1349
1485
1601
1695
1769
1818
1849
1862
1849
1826
1781
1718
1636
1542
1427
1299
1157
1001
836
661
476
295
107
16308
16119
15945
15779
15617
15474
15334
15212
15102
15015
14943
14892
14858
14834
14832
14844
14869
14905
14958
15023
15104
15196
15298
15415
15548
15683
15828
15980
16130
16281
46
195
335
474
601
715
816
904
968
1028
1061
1095
1109
1109
1100
1078
1049
1016
974
915
848
770
684
598
502
407
309
221
135
52
16351
16275
16200
16132
16059
15993
15940
15887
15854
15826
15809
15800
15797
15802
15815
15833
15856
15881
15913
15952
15987
16035
16081
16126
16171
16219
16265
16313
16354
11
51
83
119
143
166
182
193
183
184
178
185
214
229
235
225
214
197
184
166
150
131
114
92
73
51
36
19
6
16379
3
20
33
36
22
5
16377
16371
16370
16368
16367
16365
16361
16358
16352
16349
16345
16340
16335
16333
16330
16327
16329
16325
16326
16330
16332
16339
16342
16351
16361
16377
5
24
45
41
58
77
108
145
189
229
262
284
301
315
328
336
344
339
331
322
307
291
286
273
248
217
169
117
43
16358
16291
16222
16155
16081
16012
15940
15875
15814
15753
15702
15659
15620
15587
15562
15544
15535
15534
15543
15558
15582
15622
15667
15729
15798
15880
15970
16068
16165
16268
9
137
268
409
542
675
803
921
1029
1129
1210
1278
1335
1376
1406
1423
1419
1405
1378
1335
1277
1204
1115
1008
883
746
601
442
283
114
16328
16154
15978
15811
15649
15490
15339
15200
15074
14959
14871
14797
14740
14702
14673
14665
14669
14692
14735
14787
14860
14949
15054
15176
15314
15466
15638
15821
16009
16212
30
236
442
648
841
1024
1194
1345
1476
1584
1679
1749
1798
1834
1847
1840
1825
1794
1738
1663
1564
1452
1320
1179
1023
852
674
490
302
110
16303
16115
15933
15764
15616
15484
15359
15244
15144
15033
14946
14887
14849
14831
14825
14835
14856
14889
14946
15014
15090
15184
15281
15407
15530
15673
15812
15967
16117
16271
37
188
328
470
598
714
818
909
979
1014
1042
1083
1141
1173
1159
1129
1085
1038
986
928
866
787
706
613
520
428
329
232
139
44
16345
16259
16146
16060
16032
16013
15978
15916
15864
15818
15797
15787
15787
15791
15805
15819
15834
15861
15894
15932
15968
16012
16057
16101
16148
16196
16245
16294
16334
16377
30
67
102
131
154
174
190
204
216
212
170
175
227
256
242
226
202
184
169
160
145
130
115
95
77
62
54
42
35
6
16358
16348
10
42
30
11
16373
16358
16360
16356
16363
16359
16357
16350
16348
16346
16347
16347
16349
16345
16348
16345
16348
16349
16355
16357
16362
16364
16369
16375
16382
3
6
8
14
21
21
26
33
37
38
3
16380
16381
44
64
80
81
75
61
53
50
44
27
19
6
0
16
41
60
60
33
16
3
16381
16382
16383
16377
16373
16371
16363
16368
16366
16363
16365
16361
16361
16363
16364
16361
16365
16367
16367
16371
16371
16378
16377
16383
1
4
6
13
11
13
17
19
23
27
30
29
29
30
17
16
17
22
29
37
37
41
47
39
31
26
17
15
11
9
5
5
16382
16381
16383
16379
16375
16373
16374
16375
16373
16372
16371
16371
16370
16370
16370
16370
16369
16373
16375
16375
16377
16383
16383
3
2
4
7
11
11
16
18
19
19
19
25
24
27
26
23
25
10
8
10
13
18
21
21
24
26
29
33
31
28
20
12
11
6
7
1
16383
1
16381
16376
16377
16379
16380
16376
16371
16372
16375
16373
16372
16371
16371
16372
16371
16373
16375
16374
16373
16372
16377
16376
16378
16377
16383
0
3
7
3
10
10
16
14
17
19
21
22
25
2
16373
16364
16381
30
50
62
64
51
38
35
35
35
37
35
29
25
16383
16376
16368
3
33
59
42
26
9
16382
16378
16377
16382
16376
16368
16366
16360
16360
16359
16359
16356
16358
16354
16355
16356
16355
16356
16359
16360
16361
16364
16370
16373
16375
16378
0
6
8
8
15
15
22
24
16378
16359
11
50
78
74
59
48
47
49
56
56
54
49
43
42
41
39
37
20
16367
16356
17
55
46
27
4
16371
16367
16366
16368
16366
16358
16355
16352
16348
16348
16348
16349
16346
16346
16344
16349
16348
16356
16358
16359
16365
16370
16374
16379
16380
1
5
7
12
14
22
26
27
16382
16373
16381
36
59
78
80
66
56
47
46
48
37
17
9
16381
14
39
63
58
31
11
0
16380
1
16380
16376
16373
16367
16361
16363
16362
16363
16361
16360
16360
16358
16360
16363
16366
16367
16369
16372
16374
16376
16378
0
4
10
9
13
16
19
22
24
24
27
9
7
8
14
20
26
29
34
35
40
47
42
28
20
14
13
9
6
2
16383
16380
16381
16376
16377
16373
16370
16372
16370
16369
16366
16372
16372
16372
16371
16370
16371
16372
16376
16378
16380
16383
0
2
7
10
11
13
18
17
19
23
22
23
23
3
7
2
8
11
18
19
17
23
25
29
29
30
34
37
39
25
15
12
4
5
16383
16383
16382
16381
16374
16376
16375
16376
16376
16372
16369
16371
16371
16369
16369
16371
16374
16372
16374
16373
16375
16377
16379
16379
16381
0
1
1
6
4
9
9
12
14
13
15
19
20
20
19
21
20
24
23
20
16383
16378
16376
16377
4
24
34
39
35
34
30
26
24
22
16
12
4
0
16381
6
21
37
49
34
21
1
0
16381
0
16380
16381
16376
16374
16372
16372
16368
16371
16366
16368
16365
16364
16368
16365
16366
16370
16366
16369
16371
16371
16373
16379
16378
16380
1
4
7
9
11
16
15
20
21
8
16367
16369
26
64
67
64
47
42
39
37
45
46
42
40
39
39
32
30
21
10
16363
16356
10
47
42
26
7
16375
16367
16371
16372
16367
16363
16358
16353
16351
16354
16352
16352
16350
16350
16354
16353
16354
16356
16360
16362
16366
16372
16373
16377
0
16383
6
8
10
15
19
19
25
16374
16376
16381
33
55
72
70
59
47
42
43
41
40
24
11
0
16380
22
44
62
41
25
8
0
16382
16381
16382
16379
16372
16370
16367
16366
16366
16363
16365
16363
16364
16366
16366
16369
16369
16372
16373
16379
16376
16382
4
3
5
11
11
16
15
16
18
15
5
3
10
19
26
35
37
44
35
30
21
16
14
13
11
9
0
1
0
16383
16380
16378
16376
16378
16375
16373
16372
16375
16374
16372
16374
16374
16375
16381
16378
16380
16383
1
7
5
10
11
13
10
16377
16368
16364
16375
16
34
40
41
36
33
27
26
21
20
10
7
14
30
49
62
38
21
2
3
3
4
0
16383
16379
16377
16371
16372
16372
16372
16369
16363
16365
16366
16367
16368
16369
16371
16373
16373
16377
16380
16380
2
3
6
8
12
14
13
17
20
19
19
16382
16380
16379
16380
9
18
27
29
28
25
22
18
19
25
31
36
36
39
46
27
21
12
8
2
3
0
16383
16377
16376
16378
16376
16380
16379
16378
16377
16378
16375
16377
16379
16380
16383
16377
0
3
16383
0
3
7
2
8
9
8
8
10
11
13
9
13
11
13
14
11
10
10
7
11
11
8
5
10
7
5
4
5
5
2
4
4
2
3
5
6
6
9
8
6
5
10
10
11
14
10
12
14
16
14
10
10
15
17
21
18
18
15
16
11
9
9
9
5
4
4
0
2
16377
16380
16378
16378
16375
16375
16372
16373
16373
16375
16372
16374
16371
16376
16374
16375
16378
16378
16377
16379
16379
1
2
5
5
7
11
16
17
17
20
12
16381
16382
0
4
11
14
18
19
23
23
25
29
34
36
37
42
41
27
17
9
6
6
2
0
3
16376
16378
16375
16376
16379
16374
16371
16374
16374
16376
16373
16376
16375
16379
16376
16381
16381
2
16383
5
4
6
10
10
13
15
17
18
19
13
10
8
15
18
24
30
33
27
22
15
15
12
12
11
8
5
4
2
2
16383
16380
16381
16382
16380
16377
16380
16378
16381
16380
16380
16379
16381
16381
0
0
3
4
3
7
8
10
10
8
16376
16376
16377
0
4
8
9
15
18
18
22
24
30
34
37
39
44
31
18
11
9
8
7
3
0
0
16382
16380
16382
16379
16380
16379
16378
16378
16378
16378
16379
16376
16380
16381
16382
0
0
1
5
3
6
10
9
12
12
11
16377
16379
16379
1
9
13
16
17
20
22
25
31
33
31
24
17
11
9
10
10
9
6
2
2
2
0
0
16383
0
0
1
16382
2
0
16382
2
5
4
4
5
9
9
8
8
1
16375
16375
16382
0
3
5
10
10
15
18
26
31
31
20
14
9
6
5
5
4
4
0
16382
16383
16378
0
16381
16381
16383
16380
16380
0
16382
16381
1
16381
1
4
6
8
8
9
11
14
15
16371
16370
16370
4
23
36
44
43
36
29
26
21
24
22
15
16378
16376
16375
16377
13
31
44
27
14
0
16383
16381
0
16380
16379
16373
16375
16371
16373
16372
16369
16374
16373
16374
16372
16375
16375
16377
1
0
2
3
4
7
9
12
11
9
16371
16368
16373
11
28
39
49
41
33
27
25
26
22
7
3
16380
16379
4
21
35
48
28
13
5
16383
0
16382
16382
16380
16379
16377
16376
16378
16376
16374
16376
16374
16375
16376
16380
16380
16381
0
16383
3
7
9
11
11
16369
16367
16365
3
22
36
52
42
31
27
23
24
27
24
10
16379
16382
16377
13
34
52
31
17
2
16381
16381
16382
16382
16381
16373
16371
16371
16370
16370
16372
16368
16372
16369
16371
16373
16375
16377
16377
16382
16381
3
4
9
9
13
3
16359
16369
27
54
53
48
37
34
38
40
40
37
37
34
31
30
25
23
18
16
9
2
16353
16355
7
35
21
9
16378
16366
16367
16366
16366
16365
16363
16360
16358
16357
16358
16360
16360
16360
16359
16360
16366
16368
16374
16375
16380
0
0
8
10
14
16
15
3
16363
11
53
56
62
53
47
43
45
44
45
43
42
37
40
34
36
28
28
21
13
8
3
16382
16347
16354
10
23
16
0
16373
16364
16360
16362
16363
16363
16360
16359
16355
16356
16356
16358
16360
16361
16362
16364
16364
16371
16371
16374
16379
16382
4
7
10
12
17
17
21
9
16367
6
42
59
60
52
44
42
43
44
44
44
36
32
34
31
31
27
22
14
9
8
1
16379
16345
16347
16381
31
20
7
16377
16368
16364
16365
16366
16365
16366
16362
16362
16363
16361
16365
16367
16364
16367
16365
16370
16372
16376
16377
16381
16383
0
5
9
13
12
20
17
24
20
16370
16371
23
57
57
54
44
39
36
41
40
42
37
33
31
30
25
23
16
14
10
6
1
16370
16347
16353
2
30
22
5
16375
16366
16366
16368
16367
16367
16366
16362
16360
16362
16364
16368
16368
16369
16370
16370
16374
16374
16377
16379
16383
2
7
11
14
17
19
18
22
9
16369
16379
29
60
58
53
42
36
35
38
42
38
38
33
27
24
21
20
14
11
6
3
16354
16349
16373
23
30
17
16383
16371
16365
16365
16372
16371
16366
16362
16364
16362
16365
16365
16365
16368
16368
16369
16370
16373
16376
16379
16383
3
5
9
11
12
15
17
19
16367
16366
18
55
55
56
43
36
35
41
40
40
39
35
31
28
26
24
17
16
12
5
16370
16351
16360
16
37
21
9
16377
16368
16367
16369
16369
16369
16363
16364
16361
16362
16364
16366
16364
16368
16363
16367
16367
16371
16372
16377
16380
0
1
8
7
11
12
15
19
16381
16363
0
34
60
57
49
41
35
38
43
44
41
37
33
31
28
25
24
21
14
12
7
2
16356
16350
16373
17
35
17
5
16373
16371
16369
16369
16372
16368
16365
16363
16365
16363
16363
16364
16369
16365
16366
16368
16370
16373
16376
16377
16380
16383
16382
4
5
14
10
14
16
19
19
16381
16371
16371
16
39
61
57
46
34
33
36
34
35
31
28
28
22
23
19
17
13
10
16380
16372
16362
16362
0
19
33
20
8
16380
16374
16372
16376
16376
16372
16373
16372
16371
16373
16372
16372
16373
16374
16374
16374
16379
16377
16378
16383
16383
0
4
5
9
6
10
9
13
13
15
15
17
18
18
21
3
16381
16380
16382
16383
6
15
20
19
29
25
23
22
23
18
18
14
12
8
9
5
16382
0
0
7
13
18
22
26
28
13
6
2
16379
0
0
16381
16379
16383
16381
16382
16381
16380
16381
16383
16382
16383
16381
2
0
1
2
3
5
5
7
10
8
10
12
11
14
14
13
16378
16372
16372
16378
11
22
31
33
38
32
25
22
18
17
17
14
16383
16375
16372
16370
16375
8
18
30
33
11
5
16380
16378
16380
16380
16382
16377
16379
16377
16377
16380
16375
16379
16378
16378
16383
16382
16383
0
2
5
6
8
10
13
13
15
8
16371
16368
6
26
54
47
40
29
26
23
29
30
31
25
18
17
19
14
11
5
1
16356
16350
16369
14
34
19
8
16377
16371
16370
16375
16375
16375
16368
16368
16372
16370
16369
16371
16370
16370
16373
16373
16374
16378
16381
16383
5
3
10
8
16
18
19
6
16364
16373
25
56
55
50
41
33
38
34
40
35
34
27
29
24
20
21
20
12
10
7
1
16356
16348
16368
20
29
16
3
16374
16367
16368
16370
16373
16371
16365
16365
16365
16364
16367
16367
16369
16368
16370
16371
16376
16378
16379
16381
0
1
5
9
10
17
15
19
12
16374
16365
16381
24
41
58
49
39
28
29
33
28
30
27
22
21
17
15
13
16378
16376
16369
16370
16383
17
24
33
26
12
1
1
16381
16380
16382
16380
16379
16377
16381
16378
16379
16379
16380
16380
16381
16381
1
3
16383
2
2
1
5
6
7
7
8
7
11
9
11
10
10
13
9
12
11
9
12
11
10
11
11
10
8
7
10
9
9
7
8
9
7
9
8
6
6
6
4
16376
16377
16379
16379
16380
2
1
16380
1
2
3
6
8
10
10
12
13
11
19
19
22
21
23
26
33
26
19
12
10
8
7
7
6
4
2
4
0
1
3
3
4
16383
0
4
3
3
4
3
5
5
6
8
4
9
7
16369
16371
16361
16373
0
16
23
25
23
29
30
27
21
18
7
1
0
0
16380
16382
1
14
22
33
32
20
14
4
16382
0
0
4
1
0
16383
16381
16383
1
2
16383
16383
3
2
2
4
3
9
11
10
8
11
16382
16367
16365
2
26
50
44
38
27
20
23
27
26
22
21
19
17
14
13
9
8
4
16376
16358
16354
16380
26
29
17
2
16375
16372
16375
16376
16375
16376
16370
16371
16368
16372
16373
16374
16372
16377
16375
16378
16379
16382
3
3
10
9
10
18
16
11
16362
16369
18
51
52
45
36
33
32
38
38
36
34
31
30
24
25
22
14
13
10
4
0
16382
16351
16344
16376
26
19
10
16380
16372
16367
16369
16373
16371
16369
16368
16368
16365
16367
16369
16369
16372
16376
16376
16378
16378
0
2
7
7
12
15
13
15
16374
16367
16373
19
41
55
47
34
28
26
29
30
26
24
20
18
18
16
13
9
16372
16366
16360
16376
14
31
31
16
5
16380
16378
16381
0
16381
16381
16380
16378
16379
16378
16382
16382
16382
1
2
6
6
2
6
10
11
3
16372
16373
16374
16379
4
15
21
22
22
16
17
11
8
6
9
6
14
24
26
28
34
23
14
4
6
16383
2
3
16383
16383
0
16380
0
16383
16382
0
2
16383
3
4
4
7
6
8
11
5
16374
16373
16373
16380
7
22
27
25
22
27
22
25
21
17
14
8
5
4
1
2
6
14
22
24
30
26
16
9
3
1
1
16383
2
0
16382
16383
16383
16383
2
0
16382
4
2
4
5
5
16383
16370
16374
16371
16378
16382
16382
1
3
5
6
10
12
15
18
19
26
32
21
19
11
7
2
4
1
2
3
16380
3
16383
0
0
0
1
1
3
2
3
3
6
8
11
9
16365
16363
16378
23
50
49
41
28
26
29
30
35
32
30
25
25
23
20
18
15
10
7
6
2
16379
16352
16343
16371
22
16
9
16377
16369
16364
16364
16367
16364
16363
16363
16360
16361
16362
16364
16367
16366
16369
16370
16372
16377
16381
0
5
7
13
16
10
18
16376
16370
28
48
60
51
48
45
42
40
40
42
39
38
37
32
32
29
28
26
22
16
12
16382
16375
16374
16348
16339
2
18
10
16382
16370
16360
16358
16362
16362
16363
16359
16360
16360
16361
16365
16365
16367
16369
16372
16374
16377
16379
16383
2
6
8
12
15
16
15
2
16371
16370
12
35
56
50
38
27
25
27
29
25
25
17
18
13
16375
16373
16369
16380
12
25
39
28
16
6
2
16382
1
1
1
0
16383
1
5
2
7
4
9
16382
16366
16363
16370
16382
18
30
39
42
32
24
18
20
19
18
15
7
16372
16368
16367
1
20
45
24
10
16379
16374
16379
16377
16377
16377
16371
16369
16370
16369
16369
16370
16372
16372
16375
16372
16375
16379
16379
0
1
3
7
12
18
15
18
16364
16374
27
50
59
51
44
39
42
43
41
39
36
34
31
31
32
29
25
20
12
8
2
0
16378
16346
16347
0
24
13
4
16377
16363
16362
16366
16368
16364
16367
16362
16363
16361
16364
16366
16369
16368
16370
16374
16376
16377
16382
5
2
7
11
11
11
12
16364
16363
16383
22
50
48
41
31
24
25
27
25
27
23
15
16
11
16370
16369
16372
10
24
44
23
14
0
16381
16381
16382
2
16380
16382
16380
16381
16382
16381
0
0
4
7
6
8
11
16377
16362
16362
16383
23
49
46
38
23
24
24
25
23
24
21
18
14
12
9
6
1
16356
16351
16375
22
26
17
1
16376
16373
16375
16374
16372
16371
16369
16369
16370
16369
16370
16372
16371
16375
16376
16376
16378
16380
2
3
4
10
11
19
20
20
16381
16364
7
45
56
52
45
35
34
36
35
37
35
30
29
29
27
26
25
19
19
9
6
1
16380
16381
16354
16346
16361
7
30
17
6
16372
16368
16371
16374
16373
16377
16376
16370
16371
16370
16375
16373
16373
16374
16378
16378
16374
0
16381
0
0
1
2
4
4
7
9
9
9
10
7
9
10
12
10
11
10
11
10
13
8
16379
16380
16380
16381
16383
16383
7
19
28
30
41
42
33
32
30
27
28
32
30
30
29
26
27
27
22
22
23
15
14
10
8
3
0
16380
16349
16344
16371
27
19
11
16375
16368
16360
16364
16362
16365
16360
16359
16356
16357
16356
16359
16357
16359
16359
16363
16364
16367
16370
16376
16374
16381
2
5
13
11
15
21
22
16375
16378
41
54
64
61
52
45
42
47
52
51
48
43
39
37
33
31
26
24
25
20
11
6
16376
16372
16345
16341
12
11
9
16377
16363
16358
16358
16358
16357
16354
16352
16354
16355
16351
16356
16353
16356
16359
16359
16363
16368
16373
16374
16379
16382
4
13
14
15
16
18
21
26
16379
16372
13
46
62
57
49
36
35
35
38
38
33
26
22
18
18
11
16367
16366
16378
21
43
30
16
0
16377
16380
16383
1
16377
16376
16376
16375
16378
16376
16376
16377
16378
16383
16382
1
1
1
7
8
10
13
14
16
10
16374
16370
16372
1
16
25
25
24
19
13
10
7
2
8
24
33
43
31
20
6
2
16383
16380
0
16380
16380
16377
16377
16378
16377
16375
16377
16377
16379
16380
16378
16380
16382
16383
2
3
5
6
6
10
13
15
19
15
18
16381
16370
16372
8
28
49
51
39
31
25
28
27
30
25
23
16
14
14
12
6
16371
16370
16364
16383
17
33
33
17
3
16381
16378
0
16382
16383
16382
16377
16377
16379
16379
16379
16379
16376
16379
16376
16379
16376
16378
16379
16380
0
16382
16382
0
0
2
2
3
0
2
4
6
5
5
7
8
8
10
7
9
12
9
14
13
14
18
15
14
17
16380
16379
16376
16382
12
25
35
49
45
33
30
26
27
29
29
26
27
24
18
18
16
12
10
6
3
16366
16357
16357
1
31
19
10
16379
16370
16369
16369
16369
16368
16367
16366
16362
16361
16364
16362
16360
16362
16364
16365
16363
16364
16369
16370
16375
16377
16377
2
4
7
12
15
15
18
26
28
16371
5
48
55
64
57
51
45
42
43
47
49
45
42
38
34
27
30
26
25
20
12
16382
16375
16373
16336
16364
18
9
2
16372
16361
16353
16355
16352
16356
16353
16351
16347
16350
16351
16349
16354
16352
16357
16357
16362
16366
16370
16374
16382
0
5
5
10
15
13
20
24
25
16365
12
53
58
63
55
48
47
43
44
45
38
42
37
36
31
26
22
13
6
3
16353
16348
9
26
17
8
16379
16369
16364
16369
16368
16370
16364
16363
16361
16363
16361
16368
16365
16370
16368
16370
16373
16379
16380
1
4
7
10
10
13
17
18
21
16367
16372
18
53
54
50
40
27
30
32
32
28
26
23
17
11
16383
16363
16363
15
42
27
17
0
16380
16374
16379
16380
16377
16375
16370
16369
16372
16371
16372
16372
16371
16375
16375
16377
16378
16382
16381
2
4
9
10
17
13
18
17
22
6
16366
16378
22
55
53
51
36
29
29
30
33
31
26
23
24
16
13
14
16369
16362
16363
12
40
29
16
1
16381
16376
16377
16379
16377
16373
16372
16369
16371
16369
16372
16373
16369
16373
16373
16373
16378
16378
16376
16379
16380
16382
16381
2
8
5
6
9
13
15
17
18
16
20
17
16
16378
16380
16376
1
13
22
31
32
32
25
27
25
22
21
21
17
11
12
10
8
4
7
12
20
26
26
31
32
19
12
3
16383
0
16383
16382
16378
16380
16379
16374
16377
16376
16376
16375
16375
16372
16373
16370
16371
16372
16373
16374
16376
16375
16376
16375
16378
16377
0
0
1
1
7
6
9
10
15
15
17
21
20
20
19
16374
16371
9
36
60
57
48
34
30
31
32
35
34
30
28
22
20
18
12
9
7
16383
16351
16353
16382
26
27
13
16381
16371
16369
16369
16370
16370
16371
16365
16364
16365
16365
16363
16366
16366
16367
16367
16369
16372
16373
16376
16375
16383
1
6
8
9
16
14
17
18
20
21
16371
16370
17
52
56
53
42
34
34
35
34
36
31
27
23
21
14
15
11
9
16362
16353
16368
14
33
23
10
16379
16373
16373
16375
16374
16374
16367
16371
16368
16369
16370
16370
16372
16374
16371
16375
16378
16380
0
0
2
6
7
9
11
16
16
17
18
6
16371
16367
5
24
41
50
40
31
24
24
24
19
23
16383
16376
16373
16377
15
33
44
23
16
0
16382
16382
1
0
16380
16377
16380
16376
16378
16379
16378
16377
16379
16377
16379
16380
0
0
5
4
5
7
10
13
15
16
17
15
16372
16368
16369
12
27
40
46
36
29
22
20
23
20
18
8
16378
16373
16376
3
22
45
30
17
3
16380
16378
16382
2
16383
16383
16378
16374
16379
16377
16378
16377
16377
16377
16377
16379
16380
16379
0
16381
0
4
5
7
9
14
14
9
18
14
17
1
16374
16371
16377
4
19
28
29
23
20
22
17
16
13
7
7
5
10
21
26
30
41
27
14
13
4
1
3
2
2
16383
16383
16383
16379
16383
16381
16379
16380
16382
0
16379
16383
1
1
16382
0
2
0
2
0
3
2
2
5
3
1
3
4
3
4
4
5
3
4
4
4
4
6
5
5
8
8
4
10
8
13
10
9
12
13
14
13
2
16376
16372
16377
5
23
30
32
39
34
28
21
22
15
19
16
9
16377
16375
16369
16377
11
24
40
20
8
16381
16376
16378
16379
16375
16376
16375
16373
16371
16372
16374
16371
16374
16371
16375
16374
16376
16377
16378
16381
16381
2
8
5
12
14
17
15
18
16
16366
16377
25
51
49
45
37
32
33
34
36
32
32
28
24
21
18
13
9
2
2
16352
16355
6
27
19
8
16378
16372
16367
16373
16371
16371
16372
16366
16367
16366
16371
16367
16371
16368
16373
16375
16376
16379
16378
16383
3
8
8
11
12
18
18
16377
16365
4
41
48
50
40
31
31
29
33
32
31
25
22
19
18
13
8
16379
16359
16365
13
35
27
12
1
16373
16372
16377
16375
16374
16373
16375
16368
16372
16371
16372
16375
16375
16377
16380
16379
16380
16382
1
9
4
12
13
14
12
16372
16367
16378
19
45
49
43
30
24
21
25
25
26
23
18
9
16381
16367
16366
2
26
42
26
8
16380
16383
16379
16382
0
16380
16377
16375
16376
16374
16374
16377
16374
16378
16380
16379
16382
1
4
6
4
8
11
13
13
14
16376
16366
16371
9
24
44
49
37
30
21
23
23
22
20
16
15
16373
16372
16369
16381
23
38
31
20
5
0
16380
16383
1
16383
16383
16380
16379
16378
16377
16380
16381
16378
16382
16381
16383
0
0
1
4
6
7
7
11
8
12
12
12
13
16372
16381
16377
16381
3
5
10
10
12
14
14
16
20
20
26
25
32
32
22
15
8
11
8
10
10
10
5
4
5
4
2
5
3
6
4
5
6
6
7
10
8
6
9
6
5
16380
16382
1
3
10
11
19
16
11
7
5
2
2
3
0
16382
0
16382
16380
16383
16382
16380
16381
16382
16381
16381
16383
2
1
0
2
6
8
7
11
10
12
14
15
16
3
16371
16374
6
25
50
47
39
28
26
25
26
26
24
24
17
17
15
10
9
6
16363
16362
16364
11
34
24
11
16380
16376
16375
16375
16375
16373
16373
16370
16370
16372
16370
16372
16373
16375
16370
16374
16375
16382
16383
1
1
5
7
9
12
13
16
14
17
16369
16371
2
25
54
48
40
30
29
27
31
30
27
25
22
19
18
15
8
7
16376
16363
16362
16382
19
38
18
7
16379
16377
16377
16381
16382
16382
16377
16377
16375
16378
16377
16380
16378
16378
16380
16381
16383
3
2
3
4
10
8
12
9
13
11
16382
16374
16373
16376
4
12
19
22
18
15
13
9
9
9
9
13
21
29
35
32
20
12
7
6
4
4
2
3
16381
16383
16381
16383
16383
1
16382
16383
4
0
4
3
9
3
11
10
12
9
16373
16371
16370
16381
13
24
31
41
34
27
21
19
22
18
18
13
9
16376
16376
16374
16379
10
23
40
23
15
3
16382
16381
16383
16381
16382
16378
16375
16377
16376
16379
16380
16380
16378
16376
16377
16383
16380
16383
16382
0
2
6
4
7
8
10
12
11
4
16368
16367
1
19
37
49
38
31
23
22
25
26
25
22
21
17
16
19
13
10
5
16370
16369
16368
3
15
31
33
18
5
16382
16381
16383
0
16379
16380
16382
16379
16378
16380
16381
16379
16377
16380
16381
16380
16381
0
16383
1
16383
3
6
4
6
7
6
9
6
7
9
9
12
14
8
7
16382
1
1
4
7
8
9
10
11
14
11
13
11
14
11
8
13
12
11
9
10
8
11
7
9
9
8
9
10
10
7
7
8
10
9
11
11
14
16
13
14
20
26
16
13
4
3
0
1
16383
2
16383
16382
16376
16380
0
16378
16383
16381
16381
16383
16383
16382
0
2
4
2
4
4
8
5
8
10
10
12
13
16380
16375
16372
16378
11
26
31
44
33
26
24
22
20
19
20
20
15
16
13
9
16373
16373
16371
16378
1
17
25
32
17
6
1
16383
16380
16382
0
16380
16383
16380
16382
16381
16379
0
16381
1
0
1
2
3
2
6
9
6
7
7
7
16378
16378
16378
16381
2
2
6
5
6
12
15
14
19
20
20
27
31
18
16
9
8
6
6
8
7
5
1
2
4
16382
3
4
3
7
5
5
5
7
8
7
16370
16369
16369
16381
16
28
43
32
30
21
20
19
23
20
22
18
16
15
14
13
8
7
16368
16366
16361
5
26
30
16
0
16383
16374
16379
16377
16382
16377
16376
16377
16372
16376
16376
16377
16375
16376
16374
16379
16378
16382
16383
1
5
3
8
8
14
15
1
16362
16379
23
46
45
40
29
25
28
32
35
34
30
25
27
23
23
18
19
12
14
7
1
2
16381
16352
16358
5
29
23
14
16383
16377
16373
16377
16374
16375
16374
16371
16369
16371
16371
16370
16373
16372
16374
16376
16377
16377
16380
16381
1
2
5
8
6
11
15
7
16366
16366
0
22
48
43
37
26
22
23
25
28
26
24
23
20
19
16
14
17
13
8
16371
16373
16369
16379
12
20
33
27
15
4
1
0
4
0
16383
16383
16380
16379
16381
16383
16381
1
0
16383
0
16383
16383
16383
2
1
4
3
4
3
3
6
5
6
4
8
7
6
6
10
6
9
11
7
7
9
5
9
7
6
8
6
5
6
5
3
6
5
6
8
5
4
7
4
5
5
5
6
6
6
5
8
10
12
11
12
10
12
10
12
15
12
14
13
15
17
22
23
15
11
6
7
4
5
3
5
5
2
4
2
3
4
6
4
6
2
5
5
8
5
7
7
1
16376
16376
16375
16382
0
3
2
2
4
5
5
9
9
10
8
14
12
13
16
14
21
23
19
13
10
5
6
7
8
9
6
6
4
4
4
9
6
6
3
8
1
16373
16374
16375
16375
16380
5
5
14
17
23
26
32
24
23
18
17
16
15
13
12
9
10
2
16373
16373
16373
16379
0
13
23
33
19
11
3
16381
16382
16382
1
16381
16382
16383
16379
16382
16382
16383
16382
16380
1
16382
3
1
2
3
4
6
6
5
10
12
16366
16368
16377
20
37
44
37
28
23
23
25
26
25
26
22
20
22
20
17
19
16
12
9
12
4
1
0
16358
16360
16367
7
27
18
9
16379
16375
16374
16375
16378
16376
16375
16374
16371
16373
16376
16373
16376
16376
16377
16376
16378
16383
16383
16383
0
2
4
7
5
11
10
1
16371
16369
16383
18
37
46
36
27
23
25
27
29
28
25
23
23
19
21
20
15
18
14
14
10
12
7
16379
16371
16367
16373
16374
5
11
16
18
22
11
2
16383
16381
16382
16381
16381
16381
16380
16380
16379
16382
16379
16379
16379
0
16380
16381
16382
16383
16383
16381
0
3
2
4
0
8
5
7
10
9
10
9
10
10
13
9
16376
16378
16376
2
8
22
31
39
43
32
27
23
23
23
23
23
20
19
18
18
14
14
11
10
8
7
8
2
16363
16367
16362
16373
7
25
27
12
5
16377
16378
16379
16379
16381
16379
16378
16378
16374
16380
16379
16380
16381
16381
16379
16380
1
2
1
4
6
7
6
9
10
0
16372
16367
16380
17
39
46
34
27
24
22
25
23
24
23
21
19
13
16
15
15
13
9
4
16367
16363
16370
4
19
36
23
11
16383
16379
16381
16383
1
16383
16379
16379
16379
16381
16380
16381
16382
16381
16380
1
1
5
3
7
6
8
16370
16370
16366
16380
16
29
41
36
26
23
20
18
20
22
19
17
14
14
11
9
5
16369
16370
16370
16383
14
35
31
17
5
16381
16382
16382
0
16381
0
16381
16380
16379
16379
16380
16378
0
16383
16382
1
16382
3
3
2
6
9
16380
16366
16369
16380
17
43
40
35
28
22
18
22
25
25
21
22
18
20
16
14
11
10
12
7
16371
16366
16363
16379
13
35
21
11
4
16382
16380
16378
16383
16381
16375
16379
16378
16378
16379
16378
16381
16380
16379
16383
16382
1
0
6
4
8
10
9
7
16368
16369
16371
9
24
36
44
34
27
20
22
24
27
24
21
20
17
15
15
16
9
10
16379
16373
16371
16372
16382
11
18
25
26
12
8
2
16380
16382
0
16381
16380
16383
16378
16382
16382
16381
16383
16382
0
2
3
3
5
4
7
7
6
4
16382
16371
16379
16378
16383
1
1
4
5
10
9
12
13
9
9
10
11
11
11
11
12
14
16
19
14
15
14
11
14
13
12
11
10
10
8
7
5
6
5
5
5
2
8
5
7
4
3
5
5
5
8
7
8
7
12
8
14
10
10
15
13
12
16
18
25
18
13
10
8
6
8
4
7
3
3
5
6
6
6
5
6
4
2
3
16377
16376
16373
16376
16382
16380
16382
4
8
14
15
19
19
20
17
21
20
20
14
12
10
5
7
6
7
16383
1
2
8
11
16
18
19
23
23
16
13
6
4
0
3
3
16382
16382
16383
16382
16383
0
2
5
2
2
5
3
4
16375
16372
16371
16375
16378
16381
6
13
14
21
22
20
20
23
22
20
15
8
4
5
5
3
3
1
3
6
10
17
19
23
27
23
16
10
3
1
3
4
0
2
0
16381
1
1
1
1
5
3
3
16379
16368
16370
16371
16373
16382
6
15
18
23
27
29
27
21
18
17
15
14
14
12
2
16379
16375
16379
16378
2
6
17
19
25
25
16
6
1
3
3
1
16383
16383
16381
16381
16381
0
16383
0
1
3
2
0
4
6
16371
16366
16366
16371
4
17
26
32
35
28
24
19
21
19
18
18
19
14
13
13
13
9
0
16370
16370
16373
16382
10
18
24
29
11
7
0
16380
16382
16382
16382
16383
16381
16382
16382
16382
16382
16382
1
16382
2
2
5
3
16381
16368
16364
16368
16380
9
20
25
36
30
22
21
19
17
18
18
17
17
14
7
7
16371
16376
16376
16378
1
11
19
25
28
16
10
3
16383
1
0
16383
1
0
0
16382
2
1
3
3
4
1
5
4
16370
16370
16365
16377
4
13
24
26
37
27
23
19
17
16
19
16
16
12
13
9
16379
16374
16374
16374
16380
8
17
21
31
17
9
4
3
16383
16381
0
16383
16381
0
16381
0
1
1
0
4
0
2
8
4
5
0
16370
16367
16371
0
15
24
36
38
29
22
21
20
22
18
21
18
15
18
12
15
11
10
10
16376
16370
16370
16372
16379
7
16
21
27
13
7
16382
16383
16383
16383
16382
16382
16381
16381
16383
16382
16382
16383
1
16381
2
3
0
4
5
7
3
16369
16373
16373
16377
16382
1
7
11
14
16
19
17
14
13
13
12
15
11
9
10
8
5
8
9
9
7
12
12
12
12
16
12
11
7
8
9
5
5
7
5
2
3
3
5
4
4
3
8
9
8
9
7
9
9
9
9
6
9
8
10
14
14
14
16
18
26
22
16
9
5
3
7
2
5
1
4
16383
4
16383
2
2
4
1
3
5
2
4
6
16382
16368
16373
16373
16374
3
12
21
21
34
31
28
21
22
18
17
20
18
16
16
13
16
12
10
13
9
6
5
16376
16374
16368
16372
16373
2
10
17
19
25
15
5
4
2
16383
16381
16382
16380
16383
16382
16381
16380
16380
16381
16382
16383
16383
2
0
4
2
1
3
4
4
4
16369
16373
16373
16378
16380
16382
5
13
16
19
24
22
21
22
27
31
23
22
17
17
17
16
12
12
5
4
4
4
7
7
3
1
3
16383
1
4
3
3
6
9
11
11
11
6
12
10
14
10
17
18
13
11
5
2
0
3
1
1
2
2
4
3
3
3
2
3
3
5
4
3
3
5
6
3
5
16382
16372
16375
16378
16379
16383
16380
16383
2
11
16
18
17
21
23
26
26
26
23
18
14
17
15
14
17
14
9
14
8
1
16380
16379
16381
16383
16382
16381
1
5
14
12
17
15
23
21
11
6
3
1
4
2
0
1
0
1
2
0
2
16383
3
0
3
1
4
1
4
7
0
16369
16376
16377
16379
16381
16383
16382
0
3
8
9
16
11
13
15
15
12
17
10
13
12
12
12
11
12
10
9
11
8
12
11
10
9
13
10
7
11
7
8
9
9
8
5
8
6
6
8
8
6
6
6
12
10
11
12
12
14
10
14
16
20
17
12
7
3
0
3
1
5
16383
2
16382
1
2
0
3
3
1
4
4
2
4
4
5
16371
16373
16370
16375
16378
1
11
18
27
27
37
31
28
20
22
19
16
19
17
16
14
12
14
10
8
6
4
0
16368
16371
16369
16371
16379
4
11
13
23
13
9
0
0
16383
16380
16380
16378
16379
16380
16381
2
0
16383
16383
2
1
2
4
5
4
6
9
16378
16371
16369
16370
16378
2
15
18
24
22
25
34
28
24
18
19
15
14
15
13
12
9
1
16379
16381
16379
16383
16381
16381
2
9
9
13
13
12
13
14
18
14
9
4
4
0
5
3
4
2
2
1
16376
16370
16377
16378
16381
16381
16383
16383
16381
3
3
8
5
7
10
9
10
7
6
8
9
8
11
9
11
12
18
15
13
14
12
15
14
18
22
15
11
8
9
4
6
3
3
16382
16375
16377
16378
16381
16381
0
16380
16382
5
7
14
17
21
18
20
18
23
23
23
19
15
13
10
4
3
3
3
2
3
16382
16383
16382
5
13
12
19
15
16
25
19
13
4
6
1
2
5
2
3
4
1
3
5
2
3
16371
16374
16374
16375
16382
16379
16380
16383
2
8
12
16
16
12
14
12
9
13
8
9
9
6
4
2
8
4
9
15
12
18
17
15
16
16
17
21
19
12
10
5
6
16382
16379
16381
16377
1
16382
0
16383
1
8
13
17
25
20
31
28
25
20
20
14
17
13
13
13
10
6
16382
16373
16374
16373
16372
16379
2
12
15
27
18
11
4
0
16381
16381
16380
16382
16383
16381
16380
16383
1
2
1
2
3
1
3
5
6
10
16374
16370
16366
16378
16
28
47
36
33
24
19
23
20
26
24
20
21
16
17
14
14
13
10
6
5
5
3
16371
16358
16358
16366
4
18
33
15
4
16378
16379
16379
16381
16379
16380
16381
16379
16379
16381
16382
16381
0
1
1
3
2
4
7
6
7
16382
16370
16370
16370
4
19
30
37
41
31
26
20
22
18
20
18
17
19
15
17
10
12
12
7
0
16373
16375
16374
16376
16376
2
7
11
15
12
13
19
15
10
6
3
3
1
4
3
5
6
4
1
5
1
16375
16376
16377
16380
0
16382
0
1
0
1
2
4
4
4
6
5
7
9
7
9
10
12
12
9
9
9
7
10
10
12
10
5
6
9
4
5
4
7
7
9
10
12
14
15
16
16
15
19
15
16
13
15
11
11
13
6
7
5
2
2
3
5
8
10
11
14
15
16
15
20
20
13
11
5
4
6
5
3
2
2
6
1
3
16374
16375
16375
16374
16377
16377
0
4
10
17
17
22
21
28
28
23
19
15
13
12
14
13
4
16381
16377
16375
16379
16376
16377
16381
10
14
14
21
27
17
9
4
1
16381
0
0
1
2
16382
3
0
2
5
2
6
6
5
16373
16371
16368
16368
16382
14
22
32
39
32
27
20
20
20
20
18
20
19
12
14
12
14
9
7
7
7
0
16367
16364
16358
16368
3
13
23
23
9
1
16377
16376
16378
2
0
16381
16381
16381
16378
16378
16380
16381
16378
16383
1
1
6
6
6
7
6
16368
16367
16366
16378
15
28
40
37
31
22
20
21
24
19
21
19
17
15
17
16
16
11
12
9
7
4
2
16371
16368
16363
16367
16376
2
11
17
22
23
12
6
3
0
1
2
0
0
0
1
0
1
3
3
2
3
1
9
5
5
5
16372
16374
16374
16376
1
1
1
16383
1
2
4
4
8
6
9
10
7
8
10
10
11
11
10
10
10
11
10
10
11
14
13
16
17
14
18
17
20
17
17
20
20
19
19
17
17
15
11
12
9
10
5
5
4
1
16380
16381
1
7
13
15
12
19
26
15
10
3
3
0
1
16383
16380
0
16381
16381
16381
16383
4
3
2
2
1
5
5
5
16377
16371
16369
16369
16375
6
16
27
31
37
31
28
22
21
20
24
21
19
15
15
15
15
10
9
7
6
16372
16373
16369
16372
16372
16379
10
14
16
16
24
12
9
4
1
0
2
16383
0
16381
0
16381
1
0
2
3
2
0
16375
16373
16372
16376
16377
16377
16383
1
8
13
12
13
14
16
14
10
11
9
8
5
6
3
4
7
9
12
13
16
15
14
16
12
13
11
13
8
8
8
5
5
3
2
2
2
16381
0
16381
3
7
11
19
17
23
19
20
22
29
27
25
19
13
14
12
6
16381
16382
16378
16381
16381
16379
16378
16380
5
8
15
16
19
21
14
8
16382
2
2
16383
1
0
1
4
2
2
3
4
3
6
4
4
4
16381
16370
16370
16373
16374
16381
4
11
20
25
24
25
32
29
22
17
17
15
15
15
14
9
8
8
0
16377
16374
16381
16377
16381
16379
16378
16379
3
8
7
13
12
10
7
7
9
8
8
7
6
4
2
2
0
4
1
1
2
3
1
1
2
3
4
5
7
6
7
6
8
8
7
10
9
8
9
9
9
8
8
7
10
8
9
5
6
6
3
1
0
2
16383
16383
16379
16381
16383
5
9
14
19
21
22
23
31
36
27
25
23
19
20
19
21
20
13
17
15
12
10
10
4
16372
16373
16370
16372
16376
16382
9
12
16
26
15
3
16380
16380
16380
16379
16380
16379
16378
16376
16381
16379
16380
16379
16382
16383
1
3
0
2
2
5
16368
16368
16367
16372
16383
18
27
37
44
31
25
23
23
24
22
20
22
19
19
17
17
15
13
11
9
7
7
16376
16367
16365
16364
16374
1
10
15
23
21
11
4
16380
16380
16381
16382
16380
16379
16381
16382
16382
16380
16381
16383
16383
3
0
1
5
16379
16369
16371
16371
16376
16379
5
13
17
22
25
20
25
23
26
28
21
17
12
9
2
3
3
2
4
1
16383
16383
1
5
13
12
16
16
11
14
13
10
12
15
10
7
1
16383
16382
16381
2
0
16381
16379
16380
16380
16383
3
6
12
8
13
16
16
14
17
15
14
15
9
7
6
6
5
4
2
2
4
6
14
10
16
18
14
16
21
22
16
12
6
5
3
4
6
6
3
5
2
6
16376
16373
16375
16373
16378
16380
16382
16379
2
6
11
16
17
17
16
16
13
13
13
12
10
8
11
7
4
5
1
3
16382
16382
0
4
6
8
11
11
12
12
11
10
8
7
8
5
6
6
2
5
1
0
2
16381
16383
1
1
4
6
6
10
13
10
14
12
10
9
5
7
5
8
4
5
3
11
13
15
16
13
11
14
18
21
13
12
5
4
4
5
5
1
3
3
3
16383
16370
16376
16375
16375
16376
16380
8
18
23
26
39
36
25
25
21
20
24
21
22
17
16
13
15
12
11
10
6
16383
16365
16369
16361
16369
16379
6
16
29
17
5
16376
16378
16375
16378
16378
16377
16375
16377
16378
16374
16377
16381
0
16381
0
0
1
6
7
7
16372
16367
16362
16381
17
33
53
40
34
24
23
25
29
26
28
25
24
19
20
17
16
14
14
9
6
6
1
16360
16360
16355
16369
5
15
28
14
1
16378
16376
16374
16380
16378
16377
16377
16374
16377
16379
16379
16381
16383
16383
1
2
1
6
5
0
16369
16366
16367
0
18
31
42
39
30
23
20
25
23
22
23
18
19
16
19
13
14
9
8
5
16375
16368
16363
16364
16372
3
12
20
24
16
12
1
16383
16378
16382
16383
0
16381
16381
16383
16383
16379
1
3
2
3
7
6
16368
16369
16369
16371
16379
8
15
21
27
27
35
32
27
22
23
17
21
17
14
14
11
9
1
16377
16378
16377
16376
16377
16380
0
5
12
15
14
17
24
19
12
7
4
0
16383
0
2
5
4
2
4
2
2
3
6
16381
16372
16376
16376
16376
16377
16376
16382
16382
5
11
14
17
18
18
16
17
15
18
14
15
16
16
11
13
12
12
8
10
9
11
6
4
3
4
6
4
1
1
4
4
10
11
10
11
11
12
12
11
14
13
16
20
16
11
6
2
2
2
1
2
2
2
0
0
2
16383
1
16383
3
2
1
3
1
16379
16371
16371
16371
16371
16375
0
9
15
27
30
42
34
29
26
23
20
22
23
22
22
20
17
17
14
14
14
11
7
8
4
16382
16362
16362
16358
16365
3
12
24
24
7
16381
16375
16375
16374
16379
16374
16375
16374
16371
16375
16376
16376
16377
16379
16379
16382
16381
1
1
5
4
9
5
16368
16368
16365
7
27
49
48
37
29
25
26
29
29
28
30
24
24
22
23
21
17
17
11
11
4
5
0
16380
16356
16355
16356
16377
9
28
23
7
16382
16377
16374
16375
16378
16377
16376
16375
16374
16375
16375
16376
16378
16380
16383
1
0
4
2
7
8
5
16369
16370
16364
16382
10
25
34
37
39
33
27
22
24
25
21
20
16
19
14
15
12
14
8
2
16375
16376
16373
16371
16374
16381
3
9
12
13
11
11
16
16
10
7
3
0
3
4
2
3
3
0
1
16375
16377
16375
16377
16382
16382
16381
16381
16383
16380
1
2
6
8
5
7
9
10
10
10
10
9
8
8
10
10
11
10
13
10
11
8
8
7
12
11
10
8
9
7
8
5
7
6
6
2
7
7
9
6
9
11
9
12
9
10
10
12
11
10
10
7
10
6
10
10
7
14
8
14
16
11
11
10
10
11
7
10
9
5
5
5
4
3
2
2
2
0
4
6
8
15
13
13
17
18
17
14
15
13
12
15
10
7
8
6
4
4
2
16383
2
10
11
13
17
16
14
25
20
10
6
3
2
3
16383
2
0
16382
2
16382
5
2
2
1
16381
16367
16366
16369
16370
16380
8
20
26
38
38
29
25
24
23
21
22
21
19
19
16
18
17
12
14
9
9
3
3
16371
16365
16361
16359
16379
8
20
31
12
2
16376
16377
16376
16378
16378
16375
16377
16375
16377
16374
16378
16378
16377
16380
0
3
2
2
5
8
8
16366
16362
16361
16381
22
36
52
39
31
24
25
25
26
30
26
24
25
20
20
24
17
15
13
9
9
4
4
16380
16359
16360
16355
16363
16383
14
18
25
8
2
16379
16374
16377
16379
16376
16376
16379
16378
16379
16376
16380
16382
16383
16383
0
0
5
8
7
16383
16368
16371
16370
16375
16383
9
20
23
28
29
28
32
28
28
23
20
21
19
20
15
14
10
2
16380
1
1
16383
2
16381
16380
16378
16383
0
4
5
6
9
8
9
4
7
7
5
3
5
8
3
7
6
8
5
7
5
6
7
5
6
5
7
9
10
11
9
10
10
7
9
10
10
8
8
7
9
7
6
7
4
1
2
1
0
1
5
16382
0
2
5
8
14
16
16
18
19
19
17
20
17
17
18
16
12
13
9
6
9
7
6
2
3
0
16383
2
5
13
14
15
17
14
16
20
19
15
14
5
2
1
5
4
2
2
0
16381
16372
16373
16372
16374
16375
16373
16375
16381
0
9
20
19
23
20
21
27
29
25
18
19
14
13
3
16383
1
16383
16383
16381
16376
16380
16383
11
12
14
15
16
24
18
15
7
3
16382
16383
0
16383
0
16382
0
2
1
4
3
16373
16370
16367
16368
16370
16377
4
14
22
25
30
38
28
26
23
17
21
19
17
19
18
16
12
8
12
10
1
16366
16369
16368
16367
16376
3
13
18
21
23
10
3
16382
16380
16380
16379
16381
16379
16380
16380
16380
16383
16380
0
0
2
3
4
3
16382
16368
16369
16367
16369
4
14
25
31
41
35
31
26
25
24
20
22
21
18
19
16
16
15
13
10
9
16383
16369
16371
16366
16369
16373
4
5
15
18
20
18
11
1
16381
0
16382
16383
16382
16380
16380
16382
16381
2
1
2
1
1
4
16370
16371
16371
16373
16377
16378
3
10
17
21
23
24
22
19
21
20
16
18
14
13
9
9
9
2
1
1
0
2
16381
5
8
15
14
15
10
13
13
11
13
11
8
8
5
7
16382
16381
16382
16383
16382
16381
16380
16380
16378
16383
16382
4
9
15
18
17
19
18
17
20
19
14
11
12
10
11
14
6
6
1
2
0
3
5
8
11
16
14
17
13
13
15
18
20
12
7
4
3
3
1
3
4
3
2
3
16383
16373
16374
16374
16376
16379
16378
16379
16380
16382
3
10
18
19
20
19
20
20
19
18
21
18
18
14
13
12
14
11
8
6
4
2
2
0
1
16381
16380
0
1
5
11
10
10
9
9
11
11
9
9
6
5
5
8
7
7
6
9
3
2
3
1
16383
1
3
1
1
0
1
3
1
0
4
1
3
3
1
1
0
1
5
6
6
8
12
13
13
13
18
16
16
17
16
17
20
15
15
20
15
15
13
13
12
11
7
8
6
5
4
3
0
1
16379
16383
16383
1
6
10
15
12
16
13
13
22
18
12
6
4
1
16382
4
1
16383
2
0
0
2
1
4
2
5
0
1
16369
16371
16371
16375
16378
16377
16381
4
15
19
24
21
27
33
32
26
22
17
19
17
15
16
15
12
11
8
8
4
16378
16376
16374
16374
16375
16377
16373
16382
3
8
13
14
14
14
16
14
12
4
0
0
16383
1
1
1
16381
16382
1
16382
16383
3
16383
16375
16374
16375
16375
16378
16378
16382
16380
16381
16381
3
7
10
12
15
15
13
15
16
12
15
9
12
11
7
10
5
11
8
6
6
5
7
5
8
8
7
7
8
6
10
5
8
10
5
5
7
5
8
6
6
9
9
9
9
6
9
11
12
10
7
12
11
10
9
10
9
13
12
11
17
15
15
15
14
13
15
14
14
13
15
14
14
11
9
6
6
6
5
2
16382
16376
16374
16377
16378
16379
16378
16376
16378
16378
16378
0
5
9
16
20
22
21
18
23
22
25
27
24
20
19
15
16
9
9
2
1
1
4
2
0
16383
16381
16378
16381
2
5
9
10
13
9
12
11
8
15
14
11
6
3
0
16383
3
16383
1
4
16383
16377
16374
16372
16377
16378
16382
16378
16379
16379
16380
16381
1
5
6
7
9
15
14
16
12
15
11
13
10
11
10
10
12
8
9
7
8
9
8
10
9
8
12
12
9
11
9
8
7
6
5
6
2
3
4
4
6
5
6
8
10
10
12
13
12
12
13
10
11
13
8
9
9
9
5
8
5
3
4
7
10
12
13
15
14
14
14
13
12
11
11
15
21
16
12
9
2
2
4
5
2
5
4
16383
16375
16374
16374
16379
16380
16376
16376
16378
16375
16381
7
12
17
21
18
20
21
23
27
29
25
18
17
16
15
15
13
12
9
5
16379
16380
16380
16379
16383
16380
16377
16376
16378
0
6
10
15
14
15
14
18
18
15
8
2
16383
1
3
1
0
2
0
2
2
1
0
2
0
0
16377
16370
16374
16372
16375
16374
16378
16376
1
3
13
14
18
18
21
21
18
23
25
25
25
23
19
18
14
13
8
4
3
1
3
4
2
1
16382
16382
16380
16381
16382
0
2
6
10
10
14
9
11
11
11
12
11
6
11
10
10
11
11
8
6
1
16382
2
16379
16380
16378
16381
16378
16382
16383
16380
0
0
16383
16379
16382
2
0
16381
2
4
5
10
12
13
13
16
16
14
15
15
15
15
14
16
14
14
11
11
12
8
8
8
9
9
6
8
7
6
4
7
2
8
7
8
14
9
11
11
9
10
10
9
6
8
6
4
7
7
4
3
4
5
6
1
1
3
3
2
2
4
5
3
3
2
2
5
6
6
5
9
9
7
10
5
7
10
7
9
13
7
10
9
7
10
7
8
11
8
5
5
9
8
5
8
7
7
6
8
7
5
6
6
7
8
6
7
9
11
9
11
10
10
12
10
11
7
11
9
7
11
6
8
10
5
6
5
6
5
6
6
9
11
10
10
11
13
11
12
11
11
12
8
11
6
8
7
4
3
5
2
2
0
0
16383
16380
16383
16380
16382
16378
16382
16382
16383
16377
5
6
11
11
13
16
15
15
12
19
16
16
15
14
11
12
13
11
12
7
5
6
6
3
5
1
1
16382
2
2
6
8
8
12
9
11
7
10
6
8
5
9
8
5
5
4
3
3
0
2
16382
0
16383
16383
16383
16383
16383
16383
1
16379
0
16383
1
2
8
6
9
12
12
11
11
9
14
11
11
9
10
11
11
9
9
8
12
11
8
9
9
7
9
10
10
8
8
7
10
8
10
6
6
9
6
11
8
9
7
8
8
8
8
5
6
10
8
11
8
10
11
7
7
10
11
10
8
8
11
9
8
8
8
8
8
6
5
4
7
4
2
3
2
2
2
2
1
0
16383
1
4
1
3
7
10
12
15
18
15
13
16
16
17
16
16
15
14
13
10
11
13
7
9
2
7
3
3
2
16382
16383
1
5
5
9
6
14
9
9
10
9
11
9
9
7
5
5
6
3
0
3
16380
0
0
16383
0
16383
16383
16382
16381
16379
16381
16382
16382
1
5
7
11
15
13
13
14
13
13
13
9
11
14
9
11
7
10
7
4
7
5
4
4
8
7
5
9
8
11
10
11
8
10
9
6
10
6
2
5
0
5
16383
1
1
3
2
0
3
5
6
8
9
9
11
12
12
9
12
7
11
9
9
6
9
7
7
5
4
8
10
9
13
11
13
12
12
12
17
13
11
9
6
9
6
6
2
3
1
0
16381
0
16380
16382
16382
16380
16381
16378
16377
1
1
12
15
17
18
17
19
22
22
20
20
20
19
19
17
14
7
7
8
6
4
2
16383
16381
16380
16378
16380
16382
0
7
8
11
14
14
12
13
11
14
14
15
6
4
1
2
1
1
2
5
1
16379
16374
16374
16375
16376
16377
16377
16377
16375
16382
16378
16381
1
6
10
15
13
16
18
16
18
16
18
14
18
13
12
16
12
12
11
15
10
11
4
8
4
7
6
3
4
3
1
1
4
4
3
7
7
7
6
10
7
6
10
10
9
8
9
8
6
6
9
8
10
7
7
6
5
5
3
5
5
7
1
4
0
2
2
1
0
1
1
16383
0
1
1
6
10
10
17
17
16
20
18
20
18
19
19
21
19
15
16
13
11
14
9
9
6
3
3
3
1
0
16383
16378
1
5
12
14
15
12
14
11
14
15
15
15
13
8
3
2
0
3
2
3
16379
16372
16373
16375
16378
16378
16380
16378
16377
16378
16381
6
11
16
19
21
18
22
19
16
19
15
18
9
14
9
10
5
6
3
2
1
0
16382
2
6
10
11
11
12
14
12
9
11
8
8
5
6
3
0
2
0
16382
16382
16379
16379
16378
16376
16379
16381
0
5
13
15
18
22
20
22
18
19
18
9
17
11
13
10
6
5
7
3
16383
16382
16381
1
9
12
18
17
18
15
15
22
18
11
5
4
1
2
2
3
2
3
2
1
16382
16370
16371
16372
16373
16374
16373
16373
16380
2
10
20
21
21
21
25
29
30
25
20
17
19
15
16
13
14
11
16379
16381
16380
16380
16380
16380
16379
16379
16379
3
11
14
14
13
15
11
12
13
17
12
8
3
4
3
3
2
1
16379
16376
16375
16374
16375
16378
16380
16376
16381
16378
16381
0
1
7
9
11
14
11
14
14
13
12
11
10
12
10
8
6
5
8
5
5
6
9
8
7
9
9
12
12
9
11
10
10
7
7
10
6
5
8
6
7
6
9
8
9
5
8
6
9
10
7
10
7
5
7
9
10
5
6
8
9
12
10
11
8
9
13
10
8
10
5
8
6
10
8
7
9
4
2
2
1
5
3
0
2
0
2
2
7
5
5
9
12
14
13
14
11
16
13
11
12
10
11
10
9
7
8
5
4
4
5
4
5
10
8
7
9
9
10
9
10
10
9
7
7
7
7
7
3
5
4
1
7
5
4
7
6
11
5
10
8
8
8
10
9
13
8
7
9
7
8
5
5
6
12
11
12
15
11
12
12
11
12
11
11
10
11
7
5
3
3
3
3
16383
1
0
16382
16382
16377
16382
16376
16382
16383
11
17
20
18
20
21
23
23
27
27
25
21
18
14
13
15
13
12
9
16382
16378
16378
16378
16377
16377
16376
16374
16381
1
11
15
15
14
14
19
12
7
4
4
16380
1
2
0
0
0
16381
16382
16383
16383
4
0
16365
16372
16367
16372
16372
16374
16379
9
16
24
23
25
29
34
29
25
19
17
17
19
21
14
16
17
13
8
1
16375
16376
16377
16378
16375
16377
16380
2
11
16
18
17
17
13
19
17
12
7
3
4
2
3
4
1
0
16383
16371
16374
16374
16376
16372
16379
16375
16374
16379
16383
10
13
18
17
20
19
17
20
18
18
15
14
11
10
9
6
4
5
4
0
1
1
4
6
10
13
16
14
12
14
13
10
8
11
7
8
6
6
1
3
16382
2
16383
0
16382
16383
0
16383
4
4
6
9
15
20
15
17
17
15
12
13
11
12
10
9
8
8
3
5
2
2
6
2
8
7
9
12
12
14
10
12
7
12
13
9
9
7
3
5
4
4
0
1
0
1
1
2
2
1
2
5
6
7
10
10
14
12
12
14
13
11
11
8
9
8
7
5
3
6
4
7
6
9
10
10
11
9
14
11
11
9
8
10
8
8
7
7
7
4
5
4
3
0
3
2
4
6
9
10
9
14
13
12
11
12
12
12
9
9
8
5
5
4
4
5
3
4
7
5
12
8
11
14
13
11
10
8
8
7
9
5
5
5
6
3
3
1
0
2
16382
0
0
16380
1
16383
3
7
10
15
15
19
16
17
17
18
14
18
16
15
11
13
12
9
8
5
3
3
3
1
16382
1
16382
3
5
10
11
9
11
12
12
10
11
6
7
5
6
6
3
1
2
16383
1
1
16382
16382
16380
16382
16380
16381
16383
16380
0
1
5
6
10
12
13
11
14
13
12
11
15
10
9
10
8
9
8
9
4
8
6
9
9
7
8
12
9
9
9
10
11
9
10
8
6
5
5
6
5
4
7
2
7
5
6
6
5
10
8
6
10
8
5
8
8
5
8
6
7
7
10
5
8
7
8
13
10
11
10
11
10
12
10
11
9
10
9
8
8
7
4
6
7
4
2
3
0
1
16383
3
16382
4
4
5
9
9
16
14
16
16
15
12
15
12
12
13
12
12
10
9
8
7
4
5
3
4
4
1
3
1
3
3
6
4
9
10
9
10
10
8
12
7
10
7
8
7
6
5
6
3
6
2
5
1
4
1
4
0
1
4
3
16382
1
5
5
3
1
5
4
4
5
8
8
11
9
10
8
13
9
12
11
10
11
13
11
10
12
12
11
13
12
13
10
12
9
9
9
9
8
8
6
8
8
2
9
3
4
3
2
4
5
6
11
9
12
7
12
12
9
10
9
10
10
7
6
7
5
7
7
4
7
3
3
3
1
0
1
0
0
16379
16381
16382
1
0
2
5
6
13
15
14
20
18
20
21
16
18
17
17
13
15
12
11
12
10
5
5
4
2
1
4
16379
16383
16383
0
3
7
10
10
12
10
12
10
10
10
8
6
3
5
5
3
3
3
16383
1
16383
16383
16381
16382
16382
16381
0
2
2
16382
1
3
10
9
10
13
11
10
10
13
10
11
13
9
10
11
7
8
6
9
5
3
9
8
7
8
11
10
11
8
13
10
10
6
6
8
7
8
5
7
3
5
5
5
4
5
4
6
4
8
7
7
9
6
9
11
9
7
9
6
7
6
5
6
6
10
3
6
5
4
10
10
12
7
10
9
6
12
8
12
9
8
8
6
7
6
5
5
7
6
6
3
4
5
2
6
2
3
3
6
7
7
7
8
12
11
12
12
11
12
12
11
11
12
10
11
9
9
9
10
7
7
3
8
6
5
5
6
5
6
5
5
6
7
10
12
12
8
10
9
10
8
10
9
8
10
6
9
7
8
7
9
2
10
4
5
3
5
3
4
2
2
5
0
16383
0
4
2
3
3
2
7
8
11
10
10
12
11
13
10
13
13
14
12
12
9
11
10
11
9
11
10
9
9
7
9
4
5
5
5
5
6
9
8
8
6
9
9
9
9
10
7
6
7
4
5
7
6
5
5
3
6
5
2
6
4
2
2
1
3
1
3
4
2
3
3
7
3
10
9
8
10
6
10
11
8
10
11
10
8
8
12
6
7
10
6
8
9
6
7
7
9
7
9
7
8
6
6
8
8
6
6
7
8
10
8
6
5
6
6
8
6
7
7
10
6
4
5
8
8
7
9
5
5
8
8
8
7
8
10
10
6
8
9
8
11
9
7
8
11
8
10
10
4
8
4
6
6
5
5
3
5
3
2
4
2
6
3
4
2
5
6
5
4
8
14
15
14
11
11
11
13
14
12
14
13
12
10
9
10
10
7
9
5
4
6
4
1
3
0
4
0
0
16383
3
7
7
9
7
9
10
9
9
8
8
7
7
7
5
6
3
5
5
6
3
1
4
3
2
2
1
1
3
1
1
2
3
16383
2
3
3
7
3
8
12
9
15
13
14
15
14
13
15
13
15
12
12
11
11
11
9
9
9
7
5
8
5
5
4
2
0
16382
16382
3
16382
2
10
9
14
12
14
13
13
12
11
11
11
10
8
6
9
6
10
3
3
0
16381
16382
0
16381
16382
16380
16379
16381
16379
16382
16379
16380
16379
1
6
12
17
16
20
21
18
19
22
20
23
23
23
22
14
12
10
5
6
9
4
5
2
1
16383
16378
16380
16379
16383
3
7
11
15
12
14
11
10
10
9
10
12
11
8
3
5
0
16382
16378
16376
16376
16377
16377
16378
16377
16379
16376
16378
16380
16379
3
4
11
13
15
18
19
17
18
17
16
17
16
14
12
12
14
10
9
6
8
5
2
4
4
3
2
9
11
11
12
12
13
8
8
9
7
8
5
2
5
5
0
2
16383
1
0
16382
1
2
16383
2
5
5
8
12
12
14
12
12
11
11
11
7
10
6
8
7
3
4
4
6
5
11
12
9
13
12
13
10
12
11
8
11
6
9
6
5
4
5
1
2
2
1
5
16383
1
3
2
4
4
9
11
12
14
16
14
17
13
17
14
14
10
11
13
12
9
6
7
6
5
7
1
6
0
16383
1
0
6
6
11
6
8
9
7
9
5
8
8
9
5
6
5
6
4
5
3
3
3
2
3
5
1
16383
4
2
2
16383
1
3
4
5
7
6
7
6
5
8
14
8
12
9
10
9
11
9
9
9
8
8
10
6
7
11
7
5
7
9
10
7
6
4
9
8
7
3
8
5
5
5
3
8
7
8
7
10
8
10
9
13
11
12
10
11
7
7
9
4
8
7
7
9
7
5
4
2
1
16383
1
16383
16383
0
16383
16383
16382
16382
0
3
3
9
13
13
14
17
15
12
15
13
15
13
13
12
12
11
9
11
8
5
5
2
1
2
2
2
2
5
10
11
13
11
12
10
11
10
7
7
9
7
3
5
2
4
16383
3
2
16382
1
1
16382
0
16382
0
1
1
3
4
10
13
12
15
13
13
12
13
13
13
9
9
11
4
7
8
5
3
6
5
7
7
8
13
8
14
14
11
11
8
7
10
8
4
10
2
4
6
1
5
4
2
3
3
2
3
10
7
12
9
13
13
11
10
10
10
10
6
10
6
6
8
5
5
4
7
5
6
7
12
15
13
11
12
12
12
9
10
12
10
6
6
6
4
4
2
16383
0
0
2
0
16381
16381
16379
16383
8
12
16
14
19
19
20
20
18
19
20
16
16
14
11
12
10
10
6
5
5
2
1
16380
16382
16381
16382
16382
5
7
13
12
12
14
12
13
9
11
9
7
9
6
7
2
3
3
16382
16382
16382
16382
16378
16381
16379
16383
16383
16379
16382
16382
2
2
10
12
14
15
13
18
15
14
12
12
14
13
12
10
9
10
11
9
7
5
3
6
6
6
5
3
4
3
5
7
5
4
6
7
6
5
7
11
8
8
7
9
9
6
8
8
9
8
9
8
9
8
9
7
10
8
12
11
8
12
9
6
6
7
9
6
6
6
5
5
5
2
5
5
0
4
0
1
16381
1
2
1
9
15
14
17
15
21
18
19
17
16
19
21
17
15
14
14
10
10
9
8
5
5
16383
0
16381
16378
16379
16377
16379
5
10
13
13
12
12
11
11
12
16
16
12
7
1
2
16383
2
16383
2
16382
16374
16371
16371
16374
16374
16377
16378
16377
16376
16377
16382
9
15
19
20
20
20
19
22
22
21
21
20
18
18
11
10
11
8
8
3
3
0
2
16380
16382
16379
16382
16383
8
10
13
12
13
12
8
12
8
4
6
5
6
5
1
3
16383
1
16383
16383
16382
16383
16380
16383
16381
16382
0
16383
16383
4
6
6
12
9
13
11
13
8
11
8
6
9
9
10
7
9
8
9
9
9
10
11
13
11
9
9
12
10
8
9
7
4
5
8
7
10
9
10
11
13
13
15
14
18
10
14
11
12
10
11
11
11
8
6
5
5
3
3
1
0
8
6
8
13
10
13
14
12
11
12
12
9
8
6
9
5
4
4
2
3
3
3
3
0
16383
16383
16382
16382
0
16383
16382
1
5
8
10
12
13
16
17
19
16
15
17
13
15
11
10
9
13
10
12
4
8
7
3
3
2
3
16381
2
1
6
5
7
6
8
10
5
10
6
7
7
6
4
7
7
5
3
7
4
6
5
4
5
2
7
6
6
8
8
5
5
6
7
6
6
6
5
6
2
8
6
8
2
6
4
7
5
2
6
5
3
6
7
5
11
13
11
16
12
18
16
18
18
15
15
14
14
12
15
11
13
10
7
6
8
3
3
4
4
16381
16380
16382
16382
3
3
10
10
11
12
7
14
11
11
9
10
6
4
7
5
6
3
3
16381
2
16383
16382
16381
16380
16381
16379
16382
16377
16378
16381
2
9
12
15
20
18
17
21
18
16
19
19
14
15
12
12
7
6
10
6
3
3
3
0
16382
16379
0
2
6
8
12
11
14
13
11
11
8
11
8
4
2
6
2
2
2
0
16383
0
0
16381
16382
0
16383
3
3
6
9
13
11
10
15
13
13
12
11
11
9
7
8
4
5
4
1
3
8
9
11
11
14
14
13
10
12
13
15
7
8
9
8
6
4
2
5
1
4
4
16383
2
16383
5
5
10
15
17
16
17
15
17
17
17
16
17
16
14
11
14
9
8
5
8
4
1
3
0
16379
16381
16380
16381
1
10
11
12
15
11
13
10
10
9
9
7
11
8
12
8
6
3
16382
16380
16381
16380
16381
16379
16382
16378
16379
16376
16377
16383
16380
16381
2
6
12
18
19
19
17
19
17
22
21
15
16
18
19
16
13
11
13
9
7
8
4
6
1
3
16382
0
16382
16381
16379
16380
16383
3
6
9
12
13
9
13
11
12
11
12
8
10
6
8
4
4
4
4
5
3
2
16382
0
16383
16383
16381
16383
16383
16381
16380
16379
16380
0
16381
1
6
10
11
18
17
18
18
21
22
19
15
18
16
16
13
17
11
12
9
10
8
6
6
7
3
0
4
1
1
16381
16382
2
6
8
12
11
11
13
10
11
9
7
9
5
7
4
5
3
1
1
4
16382
1
0
16383
16381
1
16383
16382
16383
16380
16383
1
4
5
10
12
12
13
17
14
16
16
15
12
15
12
12
10
8
10
7
4
7
3
4
4
2
4
5
7
8
10
7
11
10
15
7
10
9
4
10
8
5
4
5
3
3
4
1
2
3
1
5
1
1
5
8
7
9
13
11
14
13
14
10
11
10
10
13
10
9
8
8
7
7
3
3
2
4
7
7
9
10
11
11
13
11
10
8
7
8
5
8
9
6
5
2
6
2
4
3
1
0
1
16383
1
1
0
0
16383
5
9
13
16
17
17
18
18
18
18
17
17
15
16
17
12
13
10
11
6
7
2
4
0
1
16382
16382
16379
16383
3
9
7
13
10
11
10
11
12
11
8
10
10
9
6
8
5
3
3
3
2
1
2
1
0
16380
16379
16382
16383
16382
0
1
16382
4
8
12
15
18
16
18
17
18
16
16
17
15
15
15
14
12
12
13
9
9
7
5
7
3
5
16382
5
1
16382
16381
4
5
3
10
9
13
11
13
11
11
9
7
10
6
9
7
7
5
3
5
5
5
1
0
16383
16382
2
16381
16381
16381
16381
16381
16382
16380
16380
16383
3
6
11
15
20
19
15
21
21
19
17
22
17
22
20
17
16
14
12
10
11
7
8
4
3
2
1
16381
16381
16378
16380
1
6
10
13
11
12
14
13
10
13
13
16
13
12
7
5
2
1
4
16383
16374
16374
16377
16377
16379
16377
16373
16379
16375
16374
16377
1
9
17
20
21
24
20
22
23
22
24
20
22
20
15
16
12
10
8
3
4
2
16382
16383
16381
16377
16380
1
11
14
15
16
16
13
14
10
10
15
15
12
6
5
1
2
0
16375
16376
16376
16379
16377
16376
16378
16376
16375
16377
16380
4
10
21
20
21
23
22
22
21
23
22
19
19
17
16
11
9
9
6
5
3
0
16382
16379
16381
16378
16383
6
13
17
15
15
14
12
14
12
19
12
8
4
5
3
1
3
1
16375
16375
16374
16372
16374
16375
16372
16375
16378
16374
16379
3
14
18
21
20
22
23
23
22
23
19
20
19
15
14
12
9
8
7
2
2
2
0
16380
16381
16379
16382
2
7
13
12
13
13
11
12
13
9
10
8
8
8
8
4
1
2
0
16383
16382
16380
16381
16378
16381
16380
16380
16381
16381
16380
16380
2
9
14
14
15
19
17
18
17
17
17
17
16
13
11
12
13
9
8
7
5
6
5
4
1
0
2
2
4
8
5
13
13
12
11
12
13
10
9
7
10
8
9
10
6
7
7
4
5
4
4
3
2
2
16382
1
0
3
0
2
2
3
1
2
2
7
6
8
11
12
15
15
15
14
13
14
16
13
12
16
14
14
13
12
11
9
7
9
6
6
6
5
4
5
3
2
5
7
10
10
12
10
12
13
10
14
10
8
8
5
7
7
5
6
6
4
1
0
1
16382
0
0
16380
16380
16380
16380
16380
16383
1
6
12
15
15
21
19
18
19
21
21
18
17
19
14
16
11
11
8
10
7
3
1
16383
16380
16381
16379
16383
4
8
12
15
14
17
13
15
13
13
13
16
17
8
6
3
5
16383
2
16381
16377
16372
16374
16375
16375
16375
16375
16372
16373
16372
16381
6
15
15
21
24
23
24
25
27
27
27
23
22
20
18
15
15
10
5
16383
16380
16381
16380
16377
16379
16374
16373
16375
16380
8
13
16
15
13
12
15
18
13
9
3
2
16382
5
16382
0
2
2
16383
3
16383
16373
16369
16371
16372
16373
16375
16374
16374
16378
1
13
20
24
25
25
23
27
25
30
31
27
25
21
14
17
15
9
16383
0
16383
0
16383
16382
16379
16379
16373
16376
16383
6
13
13
14
10
15
16
13
12
16
13
10
4
1
2
3
2
16383
16379
16374
16372
16371
16376
16378
16377
16376
16376
16376
16379
16383
6
14
18
17
19
18
21
21
19
20
19
18
15
13
14
12
10
9
6
4
4
1
2
0
16382
16381
2
6
11
12
14
16
13
15
13
10
13
11
8
8
5
8
2
4
4
0
2
1
1
16382
16381
0
16382
16379
0
16381
16382
4
8
10
15
15
16
16
17
14
18
17
16
15
15
13
13
10
10
10
8
7
7
4
4
2
2
0
3
6
8
9
12
17
13
13
15
10
9
11
12
11
6
9
6
8
3
6
6
2
1
0
16383
16382
0
16382
16383
16382
2
16379
16383
1
2
6
10
15
18
21
15
19
18
20
18
20
19
17
17
19
14
11
13
12
10
7
7
4
2
3
16383
0
16380
16379
16381
6
8
12
15
12
12
11
15
12
11
16
16
12
9
4
1
0
2
3
0
3
1
16380
16373
16373
16372
16372
16377
16375
16376
16370
16374
16378
5
17
20
25
24
24
24
28
34
31
26
21
22
17
17
19
18
16
13
14
8
16383
16376
16377
16376
16377
16376
16370
16371
16375
2
11
14
15
15
14
23
14
4
2
16382
16381
16382
16382
16381
0
16382
16382
0
1
2
4
2
16372
16370
16369
16368
16370
16376
16376
16379
8
19
25
28
29
29
31
33
31
30
23
21
21
16
16
17
14
9
8
16379
16378
16378
16376
16379
16374
16373
16373
16380
8
11
16
18
15
15
10
20
16
12
6
3
16383
1
2
2
2
0
16374
16371
16372
16372
16371
16375
16376
16375
16375
16379
2
11
20
23
21
18
19
19
16
19
21
19
15
11
12
9
10
4
2
1
1
16379
0
16381
7
13
13
17
13
11
13
12
12
10
8
8
5
5
4
2
0
16383
16381
16382
16378
16380
16379
16378
16382
16382
16383
8
15
17
18
18
19
18
18
20
19
14
17
14
14
9
13
8
3
6
3
1
0
16382
16383
2
7
10
14
14
18
13
12
11
14
11
8
8
5
4
3
3
4
16383
2
16383
0
16381
16383
16378
16377
16383
16382
16383
16378
16383
0
8
10
14
13
16
14
14
17
16
13
13
15
13
13
11
9
12
7
11
8
6
7
8
5
7
6
4
4
4
7
8
8
9
7
9
7
9
11
9
8
9
6
10
11
7
13
8
11
8
6
8
9
6
8
8
7
8
6
7
6
9
4
7
6
2
2
3
4
2
1
16383
0
0
1
1
0
16381
2
5
12
18
16
23
21
20
23
22
26
24
23
24
25
18
22
15
10
6
5
3
3
1
16381
16379
16375
16375
16373
16375
16382
12
10
15
16
14
14
19
17
9
4
16383
16380
16383
16382
1
16382
16382
16381
0
16383
1
16378
16370
16368
16367
16372
16369
16371
16371
16378
8
18
24
27
27
26
31
36
31
28
22
21
17
18
16
13
12
5
16379
16380
16380
16378
16380
16378
16376
16375
16379
1
6
13
12
12
12
14
12
10
11
6
8
6
6
0
16376
16379
16377
16377
16378
16376
16376
16377
16374
16376
16378
16377
16379
4
10
15
19
16
18
17
14
16
13
15
12
12
10
9
7
3
0
4
2
5
8
11
12
14
13
11
12
14
13
10
8
10
5
5
7
4
4
0
2
2
16383
1
0
3
5
11
14
15
19
17
18
19
20
19
15
17
12
15
13
9
7
7
3
6
2
2
16382
1
2
4
9
14
14
10
16
12
12
11
11
10
7
7
6
4
5
1
2
2
0
16382
16382
16382
16381
16380
16378
16379
16381
16380
16382
2
7
11
17
16
16
17
18
15
15
13
14
10
13
12
11
9
8
4
8
6
7
1
2
3
1
2
4
5
6
6
7
10
9
8
10
9
8
7
7
7
4
7
7
3
7
7
9
8
5
8
6
3
9
8
10
9
10
8
12
6
8
9
9
8
5
7
8
8
8
5
4
3
3
4
1
3
16383
2
3
1
6
10
11
15
18
18
17
17
18
22
18
20
19
18
17
18
16
15
13
11
10
5
7
3
3
16382
16381
16380
16379
16379
16382
6
8
14
14
11
13
13
10
11
13
15
15
7
6
3
2
1
2
16381
16372
16373
16371
16372
16378
16373
16374
16376
16375
16377
16381
11
14
20
23
25
25
25
23
23
26
24
22
19
17
13
9
10
7
4
4
0
1
16381
16379
16378
16376
16381
4
11
14
12
12
13
11
8
11
6
9
6
4
2
16383
0
16382
1
16381
16379
16378
16377
16380
16378
16378
16383
16382
4
11
13
16
20
14
16
14
15
15
15
11
9
10
9
8
6
5
3
5
2
3
7
9
15
14
15
13
12
10
14
12
10
7
7
3
4
5
5
0
2
16383
16383
16383
0
0
6
8
11
15
18
16
21
18
19
17
20
14
16
12
16
11
12
11
6
6
3
0
1
16383
0
0
7
10
13
16
14
15
14
13
13
9
11
5
7
4
4
0
1
16381
0
16383
16382
16382
16381
16379
16380
16380
16381
16379
16381
1
7
13
17
18
18
20
20
19
20
18
14
17
13
13
12
9
10
8
7
4
3
2
16382
2
1
0
5
4
9
8
12
12
11
9
12
9
7
6
7
7
6
4
4
2
2
4
2
1
4
16383
2
4
2
3
4
5
5
5
7
7
7
8
7
5
10
8
8
9
6
7
9
11
11
9
7
7
6
6
7
8
7
5
9
7
7
10
8
10
17
13
16
15
13
16
14
16
14
15
11
13
14
9
10
12
8
6
5
4
3
4
3
0
1
5
4
6
11
12
13
9
14
10
10
9
11
7
5
5
5
6
2
2
16383
2
16382
1
16382
0
16382
16379
16383
16379
16378
16380
6
8
14
17
17
19
21
18
19
20
20
18
17
16
16
13
11
11
5
7
3
1
1
16383
1
16380
16382
16380
3
1
10
9
12
13
13
10
12
9
6
6
5
6
3
0
3
16383
2
0
16383
16380
16381
16381
16379
16380
16383
16379
0
3
5
10
15
13
14
13
13
14
10
13
12
10
10
9
7
7
9
6
5
4
4
4
4
9
9
9
11
11
11
10
6
7
7
6
7
5
5
6
4
1
5
2
9
6
5
11
9
10
13
12
13
17
12
15
11
12
11
10
12
9
7
6
6
5
2
16383
2
5
9
11
11
14
12
12
11
12
11
11
5
7
8
8
4
4
5
4
3
0
1
16383
16383
16380
16383
0
16383
16382
0
3
10
13
13
16
19
17
16
16
17
18
17
17
15
12
11
13
11
9
5
4
5
2
1
16383
1
16382
16382
0
6
7
13
14
7
11
9
10
9
7
9
5
8
3
5
3
0
3
1
16382
2
16383
16382
3
0
16383
16382
16383
1
0
2
5
6
8
10
13
13
11
14
10
12
13
11
11
6
7
9
11
8
9
10
6
8
6
6
7
5
9
10
8
9
7
7
9
11
9
6
5
9
6
7
6
4
5
8
6
7
8
5
7
8
8
9
9
8
10
7
11
7
6
8
10
9
11
12
12
10
10
12
11
12
8
10
8
11
7
8
5
8
6
6
4
5
1
4
2
2
4
1
1
0
2
1
5
7
6
9
11
14
14
14
14
13
14
13
13
12
13
10
12
11
12
10
6
11
5
5
5
4
16382
1
5
1
2
4
8
5
7
12
11
11
9
10
8
7
8
7
6
8
5
2
7
2
5
3
1
0
4
0
2
1
1
0
1
3
0
3
4
3
6
8
9
11
9
11
11
10
9
10
13
8
12
8
9
10
11
7
10
11
6
8
7
8
8
7
9
9
4
8
7
7
8
6
6
7
8
7
7
9
7
6
9
7
8
6
8
9
7
6
12
8
8
11
8
10
9
7
6
4
6
8
7
5
8
5
8
8
5
5
3
1
3
3
7
1
3
1
2
0
3
6
5
8
6
9
10
13
13
15
14
13
13
16
13
13
12
12
13
12
10
11
9
7
8
6
4
4
6
0
2
2
3
5
5
7
6
10
11
11
11
9
9
10
5
10
5
7
6
7
4
3
16383
5
3
2
2
16383
1
1
16382
1
16383
16381
2
1
2
2
5
6
9
11
12
14
17
18
10
14
16
15
15
15
9
12
11
10
12
8
8
5
6
5
5
2
4
2
3
5
6
8
8
5
11
7
10
9
8
9
7
7
6
5
6
4
8
6
2
4
7
4
8
4
5
4
4
5
5
5
7
5
6
8
7
4
8
9
8
9
10
7
9
6
8
9
7
7
6
5
9
4
6
5
8
7
8
7
10
5
14
7
9
9
12
10
10
13
12
13
13
12
13
12
14
11
10
12
12
8
10
8
6
9
4
3
2
3
3
0
1
5
8
6
9
11
12
10
11
10
10
8
12
4
10
7
5
4
7
3
2
0
2
2
2
16383
16383
1
16380
16381
16381
16381
0
1
7
11
12
14
18
16
15
16
16
14
17
14
11
13
15
10
10
8
7
6
5
6
2
0
1
2
16381
1
0
2
6
11
8
11
8
9
7
11
6
8
5
8
2
6
1
6
2
3
4
2
1
1
16382
16383
2
16383
0
16383
5
6
7
9
15
12
10
11
12
11
12
12
11
9
10
9
8
9
6
7
6
6
7
4
6
10
6
8
7
6
6
10
8
11
10
8
7
4
6
7
6
6
6
7
4
7
8
4
5
6
9
4
6
6
7
6
8
7
9
10
8
8
10
5
6
7
6
7
6
7
9
12
5
11
6
11
7
8
9
5
8
6
6
7
3
4
4
4
5
7
5
10
5
10
7
8
9
8
15
9
10
14
10
11
11
8
8
7
9
10
9
5
6
8
4
6
6
5
5
6
7
7
9
8
6
8
10
8
8
9
8
5
7
7
7
5
4
8
6
8
5
7
7
8
8
10
10
7
13
5
9
5
9
8
5
8
7
7
8
8
7
7
12
6
10
9
8
7
9
5
8
7
8
5
2
5
4
5
3
7
2
3
6
3
6
8
9
12
14
13
14
14
11
16
13
15
12
13
10
13
10
13
10
9
3
4
2
3
3
2
0
2
4
6
8
12
11
10
10
10
9
11
9
7
4
5
6
1
4
5
0
2
2
16383
1
0
16382
16383
0
16383
16383
1
3
9
12
13
17
16
15
18
15
15
17
15
13
13
10
11
9
7
10
8
7
3
2
3
3
0
16382
16382
3
4
5
8
10
8
10
8
9
8
9
9
7
7
4
4
4
3
1
2
1
0
16383
1
16383
16383
0
0
3
3
4
4
6
11
11
10
14
14
9
10
10
13
12
9
12
7
10
6
11
10
8
8
4
9
3
7
9
5
5
7
6
5
8
8
11
4
8
9
10
9
9
8
7
8
10
5
11
8
7
8
9
6
8
5
4
8
7
7
6
3
5
5
6
4
7
3
6
7
6
6
4
8
7
9
7
7
10
8
6
8
11
9
9
9
11
10
7
11
9
9
10
5
7
14
6
7
8
7
9
10
8
8
9
8
6
8
9
7
8
5
8
10
10
8
6
9
5
12
6
5
6
7
7
6
5
6
3
6
5
10
4
7
8
5
6
10
8
10
7
13
8
8
10
8
10
6
8
8
8
6
8
5
10
7
6
8
6
9
11
9
10
12
9
8
7
11
9
7
8
6
4
6
5
4
8
1
6
3
4
2
3
5
6
8
7
11
13
15
13
13
13
11
13
14
13
11
11
10
9
8
8
6
9
8
3
5
1
3
0
1
5
8
7
9
10
9
9
11
6
10
9
8
10
5
5
4
6
4
4
4
4
16383
16383
1
16382
0
16383
2
16382
2
3
5
8
10
13
11
13
16
16
14
17
14
16
12
13
13
10
12
8
7
5
5
6
4
1
2
3
0
1
3
5
5
9
11
10
10
11
9
9
9
7
6
5
5
6
4
5
4
2
2
16383
16383
4
2
2
0
16383
1
5
6
6
8
11
12
11
14
12
11
10
10
10
10
10
9
10
9
7
8
8
4
6
8
7
5
8
8
6
6
9
9
7
11
8
9
8
11
6
9
6
6
6
5
8
4
7
2
4
6
2
4
6
5
8
7
7
7
8
5
10
9
8
9
10
9
10
8
8
5
9
8
6
8
5
9
9
8
5
8
10
7
7
8
10
9
9
10
10
9
7
10
8
5
8
7
8
7
6
5
7
4
7
8
6
6
7
6
6
8
5
8
7
7
6
10
9
11
9
8
10
9
11
10
9
9
11
9
9
8
8
6
7
9
6
8
4
8
9
7
7
8
7
8
8
7
8
9
11
8
11
9
9
8
7
12
8
9
5
7
8
6
7
6
7
9
6
9
4
6
7
4
5
3
4
5
1
1
2
3
5
5
8
9
10
10
9
12
12
11
11
13
12
13
12
12
9
10
10
9
13
11
9
4
3
6
6
4
4
5
2
2
4
5
7
7
9
7
9
9
9
10
8
8
10
7
5
9
6
4
6
4
5
2
2
2
3
4
16383
2
4
1
2
0
5
5
10
12
10
11
12
12
13
13
11
13
13
9
11
8
9
12
10
9
7
7
8
5
5
3
5
5
4
3
5
8
7
8
9
10
9
8
9
7
6
6
9
9
4
6
6
4
5
4
4
2
6
2
1
5
4
3
7
9
5
8
9
5
6
7
11
9
7
8
8
8
11
8
10
9
6
6
9
9
6
9
7
9
9
7
8
9
10
8
7
8
8
10
5
5
8
7
7
7
8
6
9
10
10
10
8
10
13
14
10
10
9
10
10
7
5
8
9
6
8
4
5
3
5
6
4
6
6
10
10
9
9
9
8
10
10
8
9
8
8
5
8
5
6
5
1
2
2
2
1
16383
1
2
16383
3
1
3
3
7
9
11
10
12
14
12
11
16
13
13
13
12
9
13
12
10
11
7
10
7
11
8
7
5
6
5
4
0
2
5
6
8
8
6
9
10
7
8
10
6
8
10
9
7
8
5
3
5
5
6
7
2
3
6
3
2
5
2
3
3
16383
5
3
7
5
4
5
9
7
9
8
10
11
11
10
12
11
10
11
13
10
14
10
10
11
8
11
9
10
7
6
9
8
6
5
5
9
4
11
3
8
5
5
5
8
10
8
9
11
8
12
9
10
7
8
8
8
6
6
7
6
6
6
7
4
6
4
1
3
6
4
2
1
4
3
5
4
10
8
9
12
11
11
10
12
12
10
12
9
10
10
12
9
8
9
8
8
8
4
4
4
6
6
7
5
7
10
10
7
9
9
11
8
7
10
10
7
9
4
7
8
5
7
5
4
6
6
5
4
5
4
4
5
6
4
9
3
7
11
10
10
12
11
9
8
9
11
8
8
7
9
7
6
7
6
6
9
9
11
6
8
7
10
9
8
7
9
6
8
7
9
7
6
7
4
6
4
5
5
5
5
5
6
5
7
7
6
6
9
8
6
10
10
10
13
11
10
10
10
8
7
10
6
7
5
5
8
5
9
6
12
7
8
8
9
12
8
6
10
9
9
11
7
8
6
7
6
6
4
7
2
4
4
3
3
3
2
1
4
5
5
6
5
8
7
10
9
10
12
15
10
10
10
12
10
12
10
12
10
10
12
7
7
8
6
5
4
4
5
4
4
5
3
6
5
7
7
10
12
9
9
9
8
7
4
9
3
6
8
6
4
2
5
8
2
2
4
2
5
6
0
3
0
2
5
4
9
5
8
10
14
14
10
15
14
13
16
13
14
13
13
10
11
9
10
11
8
8
8
5
6
5
3
2
1
4
1
1
4
7
6
9
5
10
9
9
8
10
9
8
5
9
8
6
7
4
5
8
5
5
4
9
3
5
4
5
16383
4
1
5
2
7
6
5
9
13
11
11
16
10
12
11
11
14
11
9
10
10
8
12
10
8
5
6
7
6
4
5
3
4
4
6
7
6
11
11
11
7
10
8
10
9
9
5
8
5
5
5
7
5
5
0
3
5
2
3
4
2
4
6
3
9
10
6
12
11
12
8
12
12
11
10
12
7
10
8
9
6
6
5
7
3
8
5
9
6
9
9
11
10
10
7
10
10
8
10
9
7
8
6
8
5
4
4
4
3
5
4
5
4
7
5
9
8
12
11
13
12
11
13
12
10
14
12
11
9
11
11
6
7
10
3
5
5
7
2
3
3
6
5
9
12
13
9
12
9
11
9
9
10
6
8
5
5
5
5
3
1
4
1
0
2
16383
16383
16380
16381
16383
1
3
2
7
11
15
14
15
15
17
15
16
16
13
16
15
15
12
10
13
9
11
8
5
7
4
0
1
3
16383
1
1
5
9
11
12
12
11
11
11
9
9
9
8
7
6
5
4
3
1
2
16383
16382
1
1
16382
0
2
1
16381
3
16381
16382
3
9
10
13
11
15
14
12
18
14
15
14
12
14
14
13
10
11
9
10
7
9
4
6
5
2
2
2
5
3
3
2
6
7
9
12
9
12
6
5
10
7
9
7
5
6
6
5
0
3
3
6
6
4
4
4
4
3
1
5
2
4
3
5
8
5
6
11
9
9
13
12
11
11
9
10
9
12
9
10
11
9
8
9
6
9
8
8
9
7
10
4
9
6
5
11
7
7
10
8
11
7
7
10
10
12
7
11
8
8
7
10
7
7
8
5
6
5
7
4
5
7
4
5
6
7
5
9
9
8
10
10
13
8
11
13
10
11
13
9
12
8
8
8
8
6
7
8
7
9
8
6
11
7
7
12
9
10
11
11
12
12
10
8
8
7
5
3
6
4
7
5
3
4
1
2
2
2
1
3
5
7
7
10
11
13
15
11
12
14
12
14
14
13
12
11
10
7
10
11
5
7
5
3
5
2
1
2
3
6
8
10
8
12
12
10
12
11
9
12
9
9
8
7
5
6
2
5
2
2
3
0
0
16382
0
16381
1
0
0
0
6
9
10
12
13
17
16
16
16
10
16
16
14
16
12
12
11
9
7
5
9
6
4
7
3
4
3
3
1
4
6
10
10
11
10
12
10
10
10
11
9
8
6
9
6
5
6
5
5
7
4
1
1
1
16382
2
1
3
0
2
5
2
1
3
5
10
7
10
11
12
12
16
17
14
13
12
12
12
13
14
12
11
11
9
11
8
10
8
7
4
6
2
4
3
4
4
3
3
7
7
7
9
9
13
7
12
11
8
7
8
6
7
8
5
3
6
6
10
5
4
5
1
3
1
3
1
16382
0
1
1
3
3
7
9
12
16
10
16
15
15
14
19
16
13
15
15
12
14
14
12
9
9
9
6
4
2
5
4
2
1
4
5
5
7
9
11
11
9
10
10
9
7
7
7
6
3
4
8
3
4
1
0
3
3
1
5
0
16383
3
8
5
7
8
12
10
8
12
10
12
12
10
11
11
9
8
7
8
8
4
4
7
8
6
6
8
8
10
9
13
12
11
11
8
7
8
6
6
9
5
2
6
5
4
4
6
6
4
4
8
8
8
10
14
11
11
10
12
13
9
11
10
12
9
8
10
5
9
3
6
7
5
5
2
7
7
9
10
12
14
11
11
10
9
10
7
9
7
6
6
6
6
5
3
5
4
5
3
1
2
1
16382
4
2
0
6
5
8
9
10
14
14
12
12
10
9
10
14
11
11
9
9
9
8
8
9
8
5
6
6
4
6
6
7
8
6
7
7
8
8
7
8
9
7
11
8
8
6
8
10
3
7
6
8
4
7
7
6
4
5
6
5
6
6
5
6
8
5
8
6
7
9
8
4
7
8
7
6
4
9
6
7
9
7
7
8
9
6
10
10
10
11
9
11
14
11
9
12
10
13
10
11
13
10
7
9
7
8
9
5
6
8
3
4
3
4
3
4
6
7
6
11
9
12
8
10
6
11
9
9
9
5
6
3
7
6
1
6
3
4
2
0
0
0
1
2
8
6
9
12
13
18
11
17
16
14
15
14
14
13
11
11
12
9
7
7
5
4
6
1
7
1
1
3
6
7
5
11
9
12
8
7
9
8
9
7
8
5
7
4
3
5
2
1
0
1
0
2
1
16382
0
4
6
7
11
9
11
13
12
13
13
12
15
13
11
10
13
10
9
9
6
4
5
5
5
2
3
6
6
8
7
11
10
10
9
9
8
5
9
9
6
5
9
4
4
5
3
5
4
3
3
1
3
5
8
8
11
9
11
13
17
14
14
11
14
11
12
10
10
12
6
8
4
6
7
5
5
4
4
6
5
7
11
9
9
10
8
10
8
8
8
8
8
5
5
5
6
6
4
0
3
2
2
1
3
4
3
4
7
6
12
10
12
12
12
9
12
9
11
10
10
10
9
7
6
7
7
6
6
6
5
5
8
5
8
7
10
9
11
7
12
9
8
7
9
4
7
6
8
10
6
7
4
5
3
3
3
1
6
8
7
7
9
7
8
10
11
10
9
9
9
9
9
8
9
7
8
4
9
5
8
9
9
8
10
7
8
8
9
9
7
6
10
6
9
4
6
6
5
4
8
5
5
3
4
5
2
10
5
9
9
8
8
9
9
9
7
12
9
11
10
10
8
7
10
7
5
3
7
5
6
7
4
9
8
8
5
10
10
6
10
7
10
8
7
3
8
7
6
8
8
6
9
6
6
4
4
5
7
6
6
7
7
6
9
5
10
9
8
10
13
7
8
9
10
8
5
8
7
7
5
5
7
6
5
7
7
8
6
6
9
7
10
7
9
11
9
9
4
7
7
4
8
5
7
6
6
5
5
7
6
8
6
5
4
7
7
5
8
8
8
8
8
6
6
7
10
5
8
7
5
9
7
6
11
6
9
7
8
12
8
9
6
7
10
10
4
6
4
9
8
5
7
9
6
5
5
6
10
8
8
10
6
7
10
7
9
9
10
9
8
7
7
6
7
8
9
7
6
6
8
8
8
8
7
9
8
8
7
9
6
8
7
8
8
5
6
7
6
8
4
9
6
3
4
6
5
6
9
3
6
5
7
3
8
5
7
9
7
9
7
8
4
8
9
7
7
7
6
4
6
5
10
5
11
7
7
8
6
7
8
8
6
9
9
5
7
9
9
7
6
6
7
8
8
8
8
7
8
7
7
8
7
9
10
7
8
8
7
10
7
5
8
8
10
9
8
6
8
10
7
5
10
6
10
8
8
10
8
8
5
10
6
7
4
5
2
7
8
10
9
6
6
10
10
11
9
10
11
10
9
7
9
7
6
8
9
6
6
3
7
4
6
5
7
6
7
8
4
7
10
11
7
9
8
9
7
10
7
7
6
4
5
6
5
4
4
2
7
2
2
5
5
5
5
6
8
9
14
13
14
13
12
15
12
10
10
6
12
11
12
9
9
12
5
9
3
5
6
5
3
6
5
7
8
10
8
12
9
7
8
12
4
7
6
8
5
4
3
6
4
4
2
4
5
2
2
6
6
2
5
6
8
6
13
13
13
12
10
10
12
9
11
8
6
8
7
7
6
6
6
4
5
4
9
8
8
7
7
11
10
7
9
10
7
10
6
8
8
3
3
8
4
6
4
6
4
5
5
3
4
6
7
8
10
6
10
8
10
11
10
10
11
11
8
10
9
8
5
6
9
7
6
5
4
5
6
4
8
8
7
9
9
6
9
8
9
5
11
7
7
10
7
9
4
7
6
3
6
3
6
6
3
6
4
4
9
4
8
7
6
10
11
6
6
10
6
8
9
8
6
8
8
8
9
9
9
8
7
9
8
8
5
8
9
7
9
7
7
6
8
9
9
8
6
6
7
7
3
8
7
9
8
8
7
7
6
5
7
6
9
8
8
9
9
8
8
8
9
9
8
5
9
7
7
8
9
7
9
8
7
9
10
5
9
7
7
7
6
8
7
9
7
8
6
10
9
9
10
10
9
9
8
9
9
6
7
8
4
5
11
9
8
7
7
6
9
9
6
9
8
10
9
8
13
6
8
9
6
4
4
4
4
2
5
5
5
4
5
5
4
7
6
9
5
7
10
9
12
7
11
11
12
11
10
9
8
10
9
9
7
9
6
5
5
9
6
4
8
10
8
6
8
10
8
9
8
11
7
7
9
8
6
9
7
8
6
3
5
3
3
4
2
3
2
3
2
2
0
7
3
7
9
9
8
12
13
12
10
13
12
11
12
9
12
10
10
7
9
8
5
6
2
7
1
6
3
4
9
6
6
12
11
11
9
9
9
9
10
7
8
7
5
3
2
4
5
6
4
5
6
1
2
3
3
5
4
8
5
11
9
12
12
9
11
10
12
10
9
10
6
11
6
8
8
7
7
4
5
5
4
5
6
4
5
10
10
8
9
10
9
8
8
9
9
7
4
5
8
4
6
5
5
5
4
3
2
4
6
4
3
5
5
6
8
7
8
10
11
7
12
9
10
10
9
8
9
8
6
4
9
8
7
7
4
9
8
9
7
6
9
7
9
7
7
9
6
9
7
9
9
6
8
8
8
8
8
10
4
8
9
7
6
7
8
10
7
11
9
9
7
10
11
9
5
8
6
7
6
11
5
7
7
8
6
7
4
7
4
5
2
4
10
2
3
10
7
8
9
11
11
11
12
11
11
13
10
12
14
9
10
9
7
10
7
6
6
6
3
4
3
1
8
3
8
4
5
6
10
10
7
10
8
9
5
9
8
8
5
6
7
5
4
5
0
4
4
1
4
4
1
3
2
5
7
8
10
11
10
12
12
12
13
10
9
11
9
9
9
8
7
4
8
5
8
2
8
6
5
9
7
9
9
11
12
8
8
7
5
8
8
5
4
6
6
4
8
2
2
4
2
4
5
5
7
8
9
14
12
8
13
10
11
11
12
8
9
9
8
5
8
5
4
5
4
7
4
8
7
7
11
11
13
12
10
11
8
13
8
7
6
5
7
3
8
2
5
4
2
0
5
2
3
3
2
6
5
9
13
10
15
13
15
12
13
13
12
9
13
9
9
10
8
6
9
6
5
2
4
3
2
4
4
7
10
8
9
9
12
6
10
9
9
5
10
7
6
3
5
5
4
6
1
3
5
2
2
1
4
5
5
5
9
11
9
12
10
11
9
13
9
9
8
7
12
6
7
6
9
5
7
5
4
5
9
7
5
10
12
9
9
10
9
10
8
6
6
8
3
7
6
7
6
3
6
6
4
3
5
5
2
5
7
9
7
9
6
7
10
9
10
6
9
6
7
10
5
10
7
4
7
5
7
6
6
6
8
5
10
9
9
9
7
8
9
8
7
8
7
6
8
6
5
4
8
6
5
8
7
8
6
6
9
8
7
12
7
10
5
11
9
5
9
8
11
9
8
6
7
8
7
7
9
7
8
10
6
9
8
9
9
9
5
7
7
9
5
5
5
4
6
8
8
7
5
3
7
7
10
9
8
8
9
9
10
9
9
9
6
8
8
7
8
7
6
8
7
6
6
9
8
8
9
9
7
9
9
9
9
7
8
6
3
8
7
7
5
2
4
6
5
9
5
7
5
10
10
8
12
12
9
10
12
11
9
10
9
9
5
6
6
8
2
5
4
2
9
5
9
9
6
11
11
11
8
13
10
11
9
9
8
6
8
8
2
6
2
2
4
1
1
3
3
1
3
1
4
2
8
8
13
12
13
12
10
12
16
12
14
11
11
9
12
11
9
6
7
7
5
7
3
5
2
5
5
2
5
10
9
15
8
11
10
13
7
10
8
9
6
7
5
8
4
5
4
2
2
5
3
2
2
2
2
5
5
4
6
11
9
12
9
10
12
9
13
7
12
12
6
10
6
5
8
8
5
7
8
7
6
7
5
8
8
12
9
5
9
11
9
9
6
8
10
8
5
3
8
7
5
5
8
8
8
4
6
6
7
6
9
5
5
6
6
7
7
6
6
8
7
10
7
8
6
10
5
11
6
7
7
6
9
9
9
10
8
10
9
7
5
8
9
8
6
8
8
10
9
9
7
7
5
9
8
9
5
7
6
9
8
9
9
7
7
6
8
7
6
8
8
8
9
4
7
10
5
8
7
7
6
5
8
6
7
3
8
6
9
6
7
7
10
5
8
6
6
7
8
6
10
7
6
7
8
8
12
7
6
11
9
8
10
9
7
8
7
9
7
7
5
7
6
9
4
8
6
5
3
7
4
9
6
3
5
5
9
9
9
11
10
9
10
6
9
7
10
10
9
10
9
8
10
8
6
5
9
8
7
7
5
3
7
8
6
7
6
7
4
10
7
10
10
12
8
6
8
4
7
5
9
4
7
7
5
5
4
4
3
2
3
4
4
6
4
4
6
7
9
9
11
8
11
12
7
11
11
6
9
9
10
10
5
7
5
7
8
8
3
7
5
3
5
6
4
8
6
9
9
7
9
9
9
11
5
8
9
6
8
5
9
6
7
3
5
5
5
5
4
4
4
1
3
7
7
6
6
6
7
6
5
7
10
5
6
8
7
9
9
7
5
5
7
8
6
8
5
8
7
8
7
11
9
8
6
10
6
7
8
8
11
8
9
8
8
9
9
8
10
8
10
8
9
8
8
9
9
5
5
6
7
7
6
6
9
6
9
9
6
7
10
9
8
5
10
10
8
8
9
7
8
6
5
3
7
7
6
3
5
4
5
4
4
5
4
4
9
7
9
9
10
11
11
12
11
13
11
10
12
11
10
10
9
7
8
8
9
7
9
5
4
3
5
6
4
5
7
7
5
8
11
11
11
8
7
7
8
7
5
8
6
6
5
7
2
3
4
6
6
3
2
4
0
4
3
5
9
3
7
8
9
10
12
10
12
11
9
12
8
11
10
9
11
8
9
7
7
8
4
6
7
5
5
6
8
8
6
7
6
9
11
6
9
10
9
10
9
8
9
5
6
4
7
9
6
8
5
6
6
3
5
6
5
8
6
6
8
7
7
6
6
9
10
7
7
7
7
12
6
5
6
10
6
8
8
6
8
8
8
9
4
8
7
10
9
6
9
4
7
7
7
6
9
8
9
7
6
9
8
8
9
7
8
8
8
7
10
9
7
7
10
8
8
7
11
8
7
9
7
8
9
5
8
8
7
7
7
9
5
9
7
8
8
6
8
9
8
8
6
9
6
5
5
5
9
4
7
8
7
7
7
9
7
6
9
5
5
8
11
6
8
7
11
6
11
7
9
10
7
5
8
12
6
8
8
8
8
8
10
9
7
9
9
6
9
7
6
6
5
9
10
9
6
8
6
7
7
9
10
8
9
7
8
10
5
9
5
8
8
9
9
10
8
7
5
8
9
7
7
6
6
7
8
8
5
7
7
6
5
4
4
4
7
7
7
7
10
9
10
7
9
10
12
13
12
9
10
13
10
9
11
8
10
10
9
7
6
5
8
7
6
5
5
3
6
5
6
7
8
6
12
10
9
11
9
7
7
7
6
4
5
7
7
5
5
5
5
5
4
3
6
3
6
2
2
4
6
7
8
10
10
11
13
11
11
13
11
12
12
11
15
10
7
8
8
8
9
4
8
8
5
5
2
4
5
5
7
7
8
6
9
9
11
4
9
8
9
11
10
8
6
5
7
6
4
5
7
4
1
6
3
2
2
0
2
5
5
4
4
7
5
10
8
6
11
7
10
10
9
9
9
8
8
11
6
9
7
9
8
8
8
7
6
6
5
6
8
9
10
5
9
11
7
8
6
8
9
10
7
9
8
7
9
6
8
8
7
9
7
6
8
6
5
7
1
3
8
9
8
6
8
6
7
7
6
9
10
11
10
7
10
6
11
7
7
8
6
7
9
8
10
11
9
5
7
8
10
9
7
10
9
10
7
12
8
12
6
5
7
9
9
8
7
6
7
7
8
3
9
5
5
9
10
5
5
13
9
8
7
8
6
8
7
11
7
5
8
8
11
8
9
7
7
7
10
8
7
8
7
7
10
5
9
10
6
9
6
9
7
10
6
8
6
5
9
6
8
8
9
7
9
4
10
10
7
6
8
8
6
8
6
6
7
9
9
7
9
6
3
9
11
10
8
11
5
11
11
11
10
12
12
10
10
8
9
10
8
8
6
7
10
6
5
8
6
6
5
6
9
5
8
6
11
8
9
9
8
8
7
8
7
8
6
7
9
7
6
6
2
6
4
5
1
7
5
2
6
4
8
5
7
12
11
7
11
11
13
13
11
8
11
13
8
12
6
11
9
5
6
7
10
4
5
5
4
6
3
7
4
8
11
8
12
10
10
9
8
10
8
8
11
4
7
5
7
1
2
7
5
2
4
1
4
5
2
5
4
4
8
9
9
10
12
13
13
10
10
10
10
9
12
14
9
10
11
8
10
8
6
7
4
6
4
5
4
8
5
6
8
7
9
9
7
9
8
6
8
9
4
5
5
4
6
7
5
3
3
3
3
4
2
5
6
9
4
11
6
6
10
11
11
12
12
9
13
10
10
9
12
10
6
7
9
8
6
10
6
5
6
7
6
7
8
10
8
9
8
7
8
10
7
10
6
8
7
6
8
5
6
4
9
5
5
5
4
7
7
2
7
5
4
7
8
5
7
7
10
9
11
10
9
9
10
10
11
9
9
9
7
11
5
11
7
7
4
6
7
7
7
6
6
9
6
7
8
8
9
7
12
7
7
10
7
7
7
8
8
6
5
6
4
9
3
2
4
5
4
2
6
4
6
6
2
6
7
5
8
8
11
8
11
9
9
10
9
9
9
10
9
12
10
10
7
7
10
7
6
7
5
5
9
6
5
5
6
6
7
6
10
7
10
7
9
11
7
6
9
9
8
8
5
7
8
8
4
3
5
5
6
7
2
1
5
9
5
8
4
8
8
6
7
6
9
10
9
11
8
9
11
9
8
7
5
11
8
6
11
5
9
8
7
6
6
4
3
10
7
6
9
6
8
7
8
9
6
9
4
8
3
6
7
5
6
5
9
3
8
3
3
7
0
5
5
3
5
6
7
7
11
11
12
11
10
11
12
12
12
12
9
12
8
8
8
5
10
8
9
5
4
4
5
5
3
5
9
9
9
9
7
9
10
8
9
9
7
9
9
7
8
7
8
3
6
5
4
2
8
5
6
2
5
4
1
6
6
6
8
12
12
6
8
13
12
9
11
8
10
9
8
8
10
8
9
8
7
6
5
7
5
5
5
7
5
7
7
6
5
11
7
9
8
10
8
9
9
7
8
7
7
8
6
7
6
6
3
7
8
6
7
4
8
9
9
6
8
9
7
8
7
9
10
6
9
10
8
5
10
8
10
9
8
4
10
5
8
10
7
7
8
10
5
7
9
8
10
4
10
10
7
6
11
7
8
6
6
9
6
7
7
9
6
6
6
8
9
4
6
7
7
7
11
7
6
11
6
11
6
10
11
9
7
7
11
8
8
10
9
6
6
11
7
7
5
11
6
4
7
6
8
5
5
8
8
6
8
10
8
6
6
5
10
7
7
6
8
7
6
6
6
7
6
3
4
7
5
6
6
7
7
8
9
8
9
8
10
8
12
10
10
10
10
10
9
9
10
7
11
6
6
7
4
4
6
5
3
6
5
5
5
8
9
5
10
9
12
10
8
9
5
5
6
6
7
9
7
3
5
8
6
6
3
2
3
1
6
4
3
5
4
8
8
6
11
10
11
11
11
11
13
11
12
11
12
7
11
10
12
10
5
6
11
6
8
5
5
7
3
8
7
7
6
9
7
7
8
6
6
4
9
9
7
6
7
6
7
4
5
7
5
4
4
5
4
7
5
6
9
8
9
6
6
10
9
10
13
10
11
11
9
10
8
11
9
8
8
7
11
8
5
7
6
9
8
8
5
10
8
6
8
9
8
6
8
7
7
6
6
7
6
8
7
6
4
9
6
6
6
7
3
5
6
6
7
6
9
10
6
8
5
9
10
9
7
7
8
8
7
7
10
7
8
10
9
11
10
8
4
7
8
6
9
6
7
7
6
9
10
5
10
9
9
9
9
6
9
10
8
8
5
8
10
6
8
8
9
5
9
8
9
8
6
5
10
8
6
6
8
5
5
10
6
9
9
6
8
4
7
7
9
7
7
8
9
8
8
5
5
8
8
5
4
6
6
6
7
8
5
9
8
5
9
6
7
4
8
4
7
6
9
4
7
6
6
7
6
6
10
5
8
11
8
6
11
6
9
7
11
10
7
9
10
10
10
8
8
7
9
10
4
5
8
6
7
8
7
8
6
8
7
8
4
5
10
9
9
8
6
3
8
8
9
8
9
7
7
6
6
5
7
7
7
5
5
8
5
4
7
5
5
5
9
6
9
10
9
7
9
7
9
6
9
7
9
6
8
7
9
7
10
8
9
8
8
6
7
8
5
9
8
6
6
7
7
7
10
4
10
6
6
10
6
7
9
8
10
10
6
9
10
8
10
5
8
5
6
7
3
7
6
3
5
5
7
4
7
6
6
8
6
10
9
9
9
12
9
13
10
9
14
6
9
12
11
9
11
6
7
7
6
6
3
5
2
4
2
7
3
7
10
5
8
5
9
12
9
9
9
7
6
6
4
10
6
5
8
6
4
7
5
5
3
3
6
5
5
2
6
9
7
6
10
9
10
10
13
9
10
9
12
13
10
11
9
6
10
8
10
5
8
3
5
4
5
4
5
5
7
7
9
9
11
17
9
10
6
8
9
6
8
6
9
7
6
7
7
6
5
2
3
3
3
4
5
4
8
4
8
10
9
11
8
11
9
9
7
13
11
8
7
9
8
7
5
10
6
8
3
9
6
10
7
7
8
7
8
8
7
6
5
7
8
7
11
8
7
6
6
4
6
7
7
8
7
4
5
5
5
9
7
9
7
10
6
10
11
7
7
9
10
9
7
8
9
6
8
6
7
6
9
7
7
5
11
8
6
8
7
8
7
9
10
8
7
4
7
8
7
8
8
6
6
5
6
7
4
7
5
4
6
6
7
9
5
7
7
8
8
8
8
7
4
9
6
7
9
6
10
9
6
9
11
10
9
10
6
9
7
12
8
7
6
8
9
5
8
11
8
5
4
10
9
9
8
9
8
7
10
6
9
7
7
8
8
7
6
9
7
5
6
7
4
4
5
6
7
4
7
4
7
7
5
8
6
7
12
9
6
9
8
11
10
10
12
9
9
8
10
11
8
7
10
7
9
7
7
7
5
10
4
6
4
6
5
5
5
9
7
8
11
10
9
7
9
7
6
6
7
8
5
6
4
6
5
6
5
5
5
7
4
3
6
5
7
4
5
8
7
10
9
12
11
9
8
9
10
11
12
9
12
12
9
9
9
3
6
6
8
8
7
5
6
7
4
5
5
8
6
9
8
8
12
7
10
9
9
6
7
8
7
9
5
5
6
8
4
4
5
3
7
4
4
6
4
6
6
8
9
6
7
10
8
9
12
11
5
5
7
8
7
5
5
5
8
5
6
7
8
8
8
5
8
8
9
11
7
8
7
9
7
8
5
4
5
6
6
9
8
6
5
8
5
8
8
8
9
8
10
8
5
10
8
9
9
8
8
11
9
5
8
6
5
7
8
9
8
6
9
5
6
7
8
9
6
10
9
6
7
6
7
5
8
8
5
7
5
6
5
4
7
7
4
8
4
8
8
9
6
8
8
10
9
10
7
11
8
9
5
10
8
10
7
7
7
8
5
8
7
7
8
8
5
8
8
10
11
9
9
9
10
7
7
9
6
6
7
7
6
3
4
8
6
5
6
5
7
5
7
7
8
10
9
10
7
9
9
10
8
6
7
8
4
7
7
7
4
3
9
7
2
7
9
7
9
7
10
9
10
10
5
5
5
5
7
6
6
7
7
5
6
5
7
6
5
5
8
5
6
9
8
8
8
10
8
12
11
12
10
4
5
10
6
10
10
9
6
7
7
3
9
3
8
7
5
9
6
6
5
10
8
10
9
8
9
6
6
6
7
4
6
6
4
4
5
7
2
3
5
6
5
7
6
5
6
7
10
7
10
11
7
8
8
10
5
6
7
9
8
7
8
6
8
9
4
8
7
7
8
8
8
9
6
9
8
5
9
4
10
8
6
9
5
7
7
5
9
5
8
8
9
5
10
8
8
6
8
5
11
8
7
9
7
8
10
8
5
5
9
6
5
8
9
7
8
5
7
7
4
8
6
7
5
10
6
7
8
8
7
7
7
5
9
5
9
7
6
5
4
5
6
5
7
6
9
9
5
7
6
9
8
5
7
9
7
8
11
7
10
10
9
7
11
12
9
5
8
8
5
7
9
4
8
8
9
9
8
6
10
8
8
5
7
7
8
8
5
4
7
8
4
7
6
10
7
5
9
7
7
9
8
5
9
6
7
7
9
6
5
8
8
6
6
6
5
8
9
4
5
6
8
7
6
7
8
7
5
5
8
8
9
9
8
8
6
11
8
7
10
5
6
7
11
8
8
6
9
7
8
10
9
5
9
9
9
7
5
10
9
9
7
8
9
6
8
8
9
7
8
7
8
5
7
9
6
6
6
6
5
5
5
6
5
6
10
8
9
10
4
8
8
5
7
9
6
6
5
9
4
9
8
10
9
6
11
8
10
8
7
7
7
6
9
6
9
5
7
7
7
5
8
4
6
6
4
5
3
9
6
7
6
9
5
6
11
9
7
7
11
7
8
6
8
10
8
7
9
5
10
8
7
7
7
7
5
5
7
10
7
6
10
7
5
6
8
9
8
6
11
7
6
9
7
8
5
8
6
3
6
9
7
4
6
6
8
6
6
8
8
7
6
10
10
9
